-1 1 -0.841471
-1 0.796667 -0.71503
-0.796667 1 -0.71503
-1 1 -0.841471


-0.8475 0.5425 -0.432065
-1 0.593333 -0.559128
-1 0.39 -0.380188
-0.8475 0.5425 -0.432065


-0.640903 0.249952 -0.153289
-0.666628 0.461583 -0.291152
-0.811467 0.316472 -0.247107
-0.640903 0.249952 -0.153289


-0.8475 0.695 -0.540012
-1 0.593333 -0.559128
-0.8475 0.5425 -0.432065
-0.8475 0.695 -0.540012


-0.728889 0.864444 -0.574803
-0.8475 0.695 -0.540012
-0.695 0.695 -0.445915
-0.728889 0.864444 -0.574803


-1 0.796667 -0.71503
-1 0.593333 -0.559128
-0.8475 0.695 -0.540012
-1 0.796667 -0.71503


-0.8475 0.695 -0.540012
-0.728889 0.864444 -0.574803
-1 0.796667 -0.71503
-0.8475 0.695 -0.540012


-0.640898 0.119634 -0.0742439
-0.811464 0.151473 -0.119731
-0.811467 -0.0323778 0.0246126
-0.640898 0.119634 -0.0742439


-0.666628 0.461583 -0.291152
-0.8475 0.5425 -0.432065
-0.811467 0.316472 -0.247107
-0.666628 0.461583 -0.291152


-0.523535 0.293375 -0.14505
-0.493447 0.47409 -0.219819
-0.666628 0.461583 -0.291152
-0.523535 0.293375 -0.14505


-0.695 0.695 -0.445915
-0.8475 0.5425 -0.432065
-0.666628 0.461583 -0.291152
-0.695 0.695 -0.445915


-0.728889 0.864444 -0.574803
-0.695 0.695 -0.445915
-0.5425 0.8475 -0.432017
-0.728889 0.864444 -0.574803


-0.593333 1 -0.559128
-0.728889 0.864444 -0.574803
-0.5425 0.8475 -0.432017
-0.593333 1 -0.559128


-0.796667 1 -0.71503
-1 0.796667 -0.71503
-0.728889 0.864444 -0.574803
-0.796667 1 -0.71503


-0.8475 0.695 -0.540012
-0.8475 0.5425 -0.432065
-0.695 0.695 -0.445915
-0.8475 0.695 -0.540012


-1 0.39 -0.380188
-1 0.186667 -0.185585
-0.811467 0.316472 -0.247107
-1 0.39 -0.380188


-0.640903 0.249952 -0.153289
-0.811467 0.316472 -0.247107
-0.811464 0.151473 -0.119731
-0.640903 0.249952 -0.153289


-0.486246 0.189636 -0.0883533
-0.640903 0.249952 -0.153289
-0.640898 0.119634 -0.0742439
-0.486246 0.189636 -0.0883533


-0.219026 0.0854201 -0.017991
-0.343797 0.200082 -0.066352
-0.345949 0.0645772 -0.0210082
-0.219026 0.0854201 -0.017991


-0.33116 0.48581 -0.151375
-0.24995 0.640898 -0.153579
-0.461582 0.666625 -0.290966
-0.33116 0.48581 -0.151375


-0.666628 0.461583 -0.291152
-0.493447 0.47409 -0.219819
-0.461582 0.666625 -0.290966
-0.666628 0.461583 -0.291152


-0.409913 0.335412 -0.129711
-0.200388 0.343559 -0.0659971
-0.33116 0.48581 -0.151375
-0.409913 0.335412 -0.129711


-0.200388 0.343559 -0.0659971
-0.343797 0.200082 -0.066352
-0.210465 0.20986 -0.0420359
-0.200388 0.343559 -0.0659971


-0.493447 0.47409 -0.219819
-0.409913 0.335412 -0.129711
-0.33116 0.48581 -0.151375
-0.493447 0.47409 -0.219819


-0.461582 0.666625 -0.290966
-0.493447 0.47409 -0.219819
-0.33116 0.48581 -0.151375
-0.461582 0.666625 -0.290966


-0.666628 0.461583 -0.291152
-0.640903 0.249952 -0.153289
-0.523535 0.293375 -0.14505
-0.666628 0.461583 -0.291152


-0.486246 0.189636 -0.0883533
-0.343797 0.200082 -0.066352
-0.409913 0.335412 -0.129711
-0.486246 0.189636 -0.0883533


-0.728889 0.864444 -0.574803
-0.593333 1 -0.559128
-0.796667 1 -0.71503
-0.728889 0.864444 -0.574803


-1 0.39 -0.380188
-0.811467 0.316472 -0.247107
-0.8475 0.5425 -0.432065
-1 0.39 -0.380188


-0.316471 0.811464 -0.247139
-0.151474 0.811467 -0.119789
-0.186667 1 -0.185585
-0.316471 0.811464 -0.247139


-0.695 0.695 -0.445915
-0.461582 0.666625 -0.290966
-0.5425 0.8475 -0.432017
-0.695 0.695 -0.445915


-0.119635 0.640903 -0.0743047
0.00810399 0.48624 0.0027931
0.0106816 0.640898 0.00637649
-0.119635 0.640903 -0.0743047


-0.640903 -0.0465914 0.0279559
-0.640898 0.119634 -0.0742439
-0.811467 -0.0323778 0.0246126
-0.640903 -0.0465914 0.0279559


-0.811467 -0.0323778 0.0246126
-1 -0.0166667 0.0166659
-1 -0.22 0.21823
-0.811467 -0.0323778 0.0246126


-0.811467 -0.235083 0.183612
-0.811467 -0.0323778 0.0246126
-1 -0.22 0.21823
-0.811467 -0.235083 0.183612


-0.640898 -0.450864 0.270676
-0.640898 -0.313886 0.189451
-0.811467 -0.418934 0.324787
-0.640898 -0.450864 0.270676


-0.640898 -0.176908 0.108694
-0.640903 -0.0465914 0.0279559
-0.811467 -0.0323778 0.0246126
-0.640898 -0.176908 0.108694


-0.640898 -0.313886 0.189451
-0.640898 -0.176908 0.108694
-0.811467 -0.235083 0.183612
-0.640898 -0.313886 0.189451


-0.811467 -0.418934 0.324787
-0.640898 -0.313886 0.189451
-0.811467 -0.235083 0.183612
-0.811467 -0.418934 0.324787


-0.640898 -0.450864 0.270676
-0.48624 -0.35997 0.164547
-0.640898 -0.313886 0.189451
-0.640898 -0.450864 0.270676


-0.48624 -0.158349 0.072432
-0.640903 -0.0465914 0.0279559
-0.640898 -0.176908 0.108694
-0.48624 -0.158349 0.072432


-0.345943 -0.408072 0.13337
-0.345943 -0.272325 0.088707
-0.48624 -0.35997 0.164547
-0.345943 -0.408072 0.13337


-0.345943 -0.0711714 0.0224237
-0.486246 -0.00810411 0.00301697
-0.48624 -0.158349 0.072432
-0.345943 -0.0711714 0.0224237


-0.345943 -0.272325 0.088707
-0.345943 -0.0711714 0.0224237
-0.48624 -0.158349 0.072432
-0.345943 -0.272325 0.088707


-0.48624 -0.35997 0.164547
-0.345943 -0.272325 0.088707
-0.48624 -0.158349 0.072432
-0.48624 -0.35997 0.164547


-0.21903 -0.204381 0.0429246
-0.104192 -0.31285 0.0310376
-0.104192 -0.202084 0.0199625
-0.21903 -0.204381 0.0429246


-0.345943 -0.408072 0.13337
-0.21903 -0.327014 0.0675195
-0.345943 -0.272325 0.088707
-0.345943 -0.408072 0.13337


-0.345943 -0.408072 0.13337
-0.21903 -0.483208 0.0998501
-0.21903 -0.327014 0.0675195
-0.345943 -0.408072 0.13337


0.313886 0.640898 0.189829
0.158349 0.48624 0.0733871
0.35997 0.48624 0.16588
0.313886 0.640898 0.189829


0.032378 0.811464 0.0245485
0.176908 0.640898 0.108505
0.216229 0.811467 0.168875
0.032378 0.811464 0.0245485


0.032378 0.811464 0.0245485
0.0106816 0.640898 0.00637649
0.176908 0.640898 0.108505
0.032378 0.811464 0.0245485


-0.593333 1 -0.559128
-0.5425 0.8475 -0.432017
-0.39 1 -0.380188
-0.593333 1 -0.559128


0.00365049 0.21903 0.000934168
-0.0406347 0.104192 -0.00398561
0.112503 0.104192 0.0110677
0.00365049 0.21903 0.000934168


0.0711709 0.345949 0.0228966
0.00365049 0.21903 0.000934168
0.126284 0.21903 0.0257336
0.0711709 0.345949 0.0228966


-0.0854216 0.21903 -0.0176818
-0.0406347 0.104192 -0.00398561
0.00365049 0.21903 0.000934168
-0.0854216 0.21903 -0.0176818


-0.200388 0.343559 -0.0659971
-0.409913 0.335412 -0.129711
-0.343797 0.200082 -0.066352
-0.200388 0.343559 -0.0659971


-0.0854216 0.21903 -0.0176818
-0.200388 0.343559 -0.0659971
-0.210465 0.20986 -0.0420359
-0.0854216 0.21903 -0.0176818


-0.189633 0.48624 -0.0884569
-0.33116 0.48581 -0.151375
-0.200388 0.343559 -0.0659971
-0.189633 0.48624 -0.0884569


-0.12765 0.0950352 -0.0117064
-0.10419 -0.0017365 0.000276961
-0.0406347 0.104192 -0.00398561
-0.12765 0.0950352 -0.0117064


-0.0854216 0.21903 -0.0176818
-0.12765 0.0950352 -0.0117064
-0.0406347 0.104192 -0.00398561
-0.0854216 0.21903 -0.0176818


-0.219026 0.0854201 -0.017991
-0.10419 -0.0017365 0.000276961
-0.12765 0.0950352 -0.0117064
-0.219026 0.0854201 -0.017991


-0.189633 0.48624 -0.0884569
-0.24995 0.640898 -0.153579
-0.33116 0.48581 -0.151375
-0.189633 0.48624 -0.0884569


-0.345949 0.0645772 -0.0210082
-0.219026 -0.0817478 0.0167331
-0.219026 0.0854201 -0.017991
-0.345949 0.0645772 -0.0210082


-0.345943 -0.0711714 0.0224237
-0.345949 0.0645772 -0.0210082
-0.486246 -0.00810411 0.00301697
-0.345943 -0.0711714 0.0224237


-0.210465 0.20986 -0.0420359
-0.12765 0.0950352 -0.0117064
-0.0854216 0.21903 -0.0176818
-0.210465 0.20986 -0.0420359


-0.345943 -0.0711714 0.0224237
-0.219026 -0.0817478 0.0167331
-0.345949 0.0645772 -0.0210082
-0.345943 -0.0711714 0.0224237


0 0 -1.66115e-33
0.112503 0.104192 0.0110677
-0.0406347 0.104192 -0.00398561
0 0 -1.66115e-33


-0.811464 0.151473 -0.119731
-1 -0.0166667 0.0166659
-0.811467 -0.0323778 0.0246126
-0.811464 0.151473 -0.119731


-0.811467 -0.235083 0.183612
-1 -0.22 0.21823
-1 -0.423333 0.410802
-0.811467 -0.235083 0.183612


-0.640898 -0.313886 0.189451
-0.48624 -0.35997 0.164547
-0.48624 -0.158349 0.072432
-0.640898 -0.313886 0.189451


-0.21903 -0.204381 0.0429246
-0.345943 -0.0711714 0.0224237
-0.345943 -0.272325 0.088707
-0.21903 -0.204381 0.0429246


-0.10419 -0.0017365 0.000276961
-0.219026 -0.0817478 0.0167331
-0.104192 -0.112503 0.0109071
-0.10419 -0.0017365 0.000276961


-0.10419 -0.0017365 0.000276961
-0.219026 0.0854201 -0.017991
-0.219026 -0.0817478 0.0167331
-0.10419 -0.0017365 0.000276961


-0.486246 0.189636 -0.0883533
-0.640898 0.119634 -0.0742439
-0.486246 -0.00810411 0.00301697
-0.486246 0.189636 -0.0883533


-1 0.186667 -0.185585
-0.811464 0.151473 -0.119731
-0.811467 0.316472 -0.247107
-1 0.186667 -0.185585


-1 0.186667 -0.185585
-1 -0.0166667 0.0166659
-0.811464 0.151473 -0.119731
-1 0.186667 -0.185585


-0.640903 -0.0465914 0.0279559
-0.48624 -0.158349 0.072432
-0.486246 -0.00810411 0.00301697
-0.640903 -0.0465914 0.0279559


-0.640898 0.119634 -0.0742439
-0.640903 -0.0465914 0.0279559
-0.486246 -0.00810411 0.00301697
-0.640898 0.119634 -0.0742439


-0.345949 0.0645772 -0.0210082
-0.486246 0.189636 -0.0883533
-0.486246 -0.00810411 0.00301697
-0.345949 0.0645772 -0.0210082


-0.640903 0.249952 -0.153289
-0.811464 0.151473 -0.119731
-0.640898 0.119634 -0.0742439
-0.640903 0.249952 -0.153289


-0.811467 -0.0323778 0.0246126
-0.811467 -0.235083 0.183612
-0.640898 -0.176908 0.108694
-0.811467 -0.0323778 0.0246126


-0.579767 -0.727969 0.393568
-0.647867 -0.643109 0.388629
-0.654124 -0.815704 0.493072
-0.579767 -0.727969 0.393568


-0.518129 -0.804775 0.391175
-0.579767 -0.727969 0.393568
-0.654124 -0.815704 0.493072
-0.518129 -0.804775 0.391175


-0.518129 -0.804775 0.391175
-0.438753 -0.638915 0.263385
-0.579767 -0.727969 0.393568
-0.518129 -0.804775 0.391175


-0.210714 -0.714286 0.144049
-0.355052 -0.716781 0.241021
-0.280952 -0.785714 0.211622
-0.210714 -0.714286 0.144049


-0.438071 -0.478062 0.19753
-0.345943 -0.408072 0.13337
-0.48624 -0.35997 0.164547
-0.438071 -0.478062 0.19753


-0.533627 -0.550656 0.275453
-0.438071 -0.478062 0.19753
-0.48624 -0.35997 0.164547
-0.533627 -0.550656 0.275453


-0.533627 -0.550656 0.275453
-0.438753 -0.638915 0.263385
-0.438071 -0.478062 0.19753
-0.533627 -0.550656 0.275453


-0.251485 -0.621964 0.148144
-0.32211 -0.546559 0.165862
-0.355052 -0.716781 0.241021
-0.251485 -0.621964 0.148144


-0.251485 -0.621964 0.148144
-0.21903 -0.483208 0.0998501
-0.32211 -0.546559 0.165862
-0.251485 -0.621964 0.148144


-0.10419 -0.0017365 0.000276961
0 -0.1 9.74183e-33
0 0 -1.66115e-33
-0.10419 -0.0017365 0.000276961


-0.21903 -0.204381 0.0429246
-0.21903 -0.327014 0.0675195
-0.104192 -0.31285 0.0310376
-0.21903 -0.204381 0.0429246


-0.345943 -0.0711714 0.0224237
-0.21903 -0.204381 0.0429246
-0.219026 -0.0817478 0.0167331
-0.345943 -0.0711714 0.0224237


-0.345943 -0.272325 0.088707
-0.21903 -0.327014 0.0675195
-0.21903 -0.204381 0.0429246
-0.345943 -0.272325 0.088707


-0.104192 -0.202084 0.0199625
0 -0.2 1.85256e-32
-0.104192 -0.112503 0.0109071
-0.104192 -0.202084 0.0199625


-0.219026 -0.0817478 0.0167331
-0.21903 -0.204381 0.0429246
-0.104192 -0.112503 0.0109071
-0.219026 -0.0817478 0.0167331


-0.104192 -0.31285 0.0310376
0 -0.3 2.89953e-32
-0.104192 -0.202084 0.0199625
-0.104192 -0.31285 0.0310376


-1 -1 0.841471
-0.885 -1 0.773915
-0.842138 -0.902925 0.678988
-1 -1 0.841471


-0.759865 -0.845326 0.58373
-0.753956 -0.702452 0.487672
-0.869578 -0.745425 0.589533
-0.759865 -0.845326 0.58373


-0.786667 -1 0.708003
-0.759865 -0.845326 0.58373
-0.842138 -0.902925 0.678988
-0.786667 -1 0.708003


-0.654124 -0.815704 0.493072
-0.753956 -0.702452 0.487672
-0.759865 -0.845326 0.58373
-0.654124 -0.815704 0.493072


-0.842138 -0.902925 0.678988
-0.869578 -0.745425 0.589533
-1 -0.825714 0.735032
-0.842138 -0.902925 0.678988


-0.786667 -1 0.708003
-0.842138 -0.902925 0.678988
-0.885 -1 0.773915
-0.786667 -1 0.708003


-0.786667 -1 0.708003
-0.688333 -1 0.635251
-0.672398 -0.914152 0.566531
-0.786667 -1 0.708003


-0.672398 -0.914152 0.566531
-0.688333 -1 0.635251
-0.59 -1 0.556361
-0.672398 -0.914152 0.566531


-0.759865 -0.845326 0.58373
-0.672398 -0.914152 0.566531
-0.654124 -0.815704 0.493072
-0.759865 -0.845326 0.58373


-0.759865 -0.845326 0.58373
-0.786667 -1 0.708003
-0.672398 -0.914152 0.566531
-0.759865 -0.845326 0.58373


-0.421429 -0.928571 0.376127
-0.567297 -0.914203 0.486681
-0.491667 -1 0.472096
-0.421429 -0.928571 0.376127


-0.518129 -0.804775 0.391175
-0.654124 -0.815704 0.493072
-0.567297 -0.914203 0.486681
-0.518129 -0.804775 0.391175


-0.421429 -0.928571 0.376127
-0.518129 -0.804775 0.391175
-0.567297 -0.914203 0.486681
-0.421429 -0.928571 0.376127


-0.39424 -0.794818 0.297892
-0.355052 -0.716781 0.241021
-0.438753 -0.638915 0.263385
-0.39424 -0.794818 0.297892


-0.868465 -0.57255 0.464714
-0.647867 -0.643109 0.388629
-0.640898 -0.450864 0.270676
-0.868465 -0.57255 0.464714


-0.753956 -0.702452 0.487672
-0.654124 -0.815704 0.493072
-0.647867 -0.643109 0.388629
-0.753956 -0.702452 0.487672


-0.421429 -0.928571 0.376127
-0.491667 -1 0.472096
-0.393333 -1 0.383269
-0.421429 -0.928571 0.376127


-0.280952 -0.785714 0.211622
-0.35119 -0.857143 0.289052
-0.262222 -0.866667 0.219819
-0.280952 -0.785714 0.211622


-0.157333 -0.82 0.125273
-0.280952 -0.785714 0.211622
-0.262222 -0.866667 0.219819
-0.157333 -0.82 0.125273


-0.640898 -0.450864 0.270676
-0.533627 -0.550656 0.275453
-0.48624 -0.35997 0.164547
-0.640898 -0.450864 0.270676


-0.210714 -0.714286 0.144049
-0.251485 -0.621964 0.148144
-0.355052 -0.716781 0.241021
-0.210714 -0.714286 0.144049


-0.210714 -0.714286 0.144049
-0.140476 -0.642857 0.0859885
-0.251485 -0.621964 0.148144
-0.210714 -0.714286 0.144049


-0.567297 -0.914203 0.486681
-0.59 -1 0.556361
-0.491667 -1 0.472096
-0.567297 -0.914203 0.486681


-0.35119 -0.857143 0.289052
-0.39424 -0.794818 0.297892
-0.421429 -0.928571 0.376127
-0.35119 -0.857143 0.289052


-0.654124 -0.815704 0.493072
-0.672398 -0.914152 0.566531
-0.567297 -0.914203 0.486681
-0.654124 -0.815704 0.493072


-0.518129 -0.804775 0.391175
-0.39424 -0.794818 0.297892
-0.438753 -0.638915 0.263385
-0.518129 -0.804775 0.391175


-0.421429 -0.928571 0.376127
-0.39424 -0.794818 0.297892
-0.518129 -0.804775 0.391175
-0.421429 -0.928571 0.376127


-0.35119 -0.857143 0.289052
-0.280952 -0.785714 0.211622
-0.39424 -0.794818 0.297892
-0.35119 -0.857143 0.289052


-0.327778 -0.933333 0.297321
-0.35119 -0.857143 0.289052
-0.421429 -0.928571 0.376127
-0.327778 -0.933333 0.297321


-0.438753 -0.638915 0.263385
-0.355052 -0.716781 0.241021
-0.32211 -0.546559 0.165862
-0.438753 -0.638915 0.263385


-0.438071 -0.478062 0.19753
-0.438753 -0.638915 0.263385
-0.32211 -0.546559 0.165862
-0.438071 -0.478062 0.19753


-0.533627 -0.550656 0.275453
-0.647867 -0.643109 0.388629
-0.579767 -0.727969 0.393568
-0.533627 -0.550656 0.275453


-0.759865 -0.845326 0.58373
-0.869578 -0.745425 0.589533
-0.842138 -0.902925 0.678988
-0.759865 -0.845326 0.58373


-0.0983333 -1 0.0981749
0 -1 4.99195e-32
0 -0.9 8.68946e-32
-0.0983333 -1 0.0981749


-0.0655556 -0.866667 0.0558667
-0.131111 -0.933333 0.121096
0 -0.9 8.68946e-32
-0.0655556 -0.866667 0.0558667


0 -0.8 7.795e-32
-0.0655556 -0.866667 0.0558667
0 -0.9 8.68946e-32
0 -0.8 7.795e-32


-0.07375 -0.775 0.0550626
-0.157333 -0.82 0.125273
-0.0655556 -0.866667 0.0558667
-0.07375 -0.775 0.0550626


0 -0.8 7.795e-32
-0.07375 -0.775 0.0550626
-0.0655556 -0.866667 0.0558667
0 -0.8 7.795e-32


-0.131111 -0.933333 0.121096
-0.196667 -1 0.195401
-0.0983333 -1 0.0981749
-0.131111 -0.933333 0.121096


0 -0.9 8.68946e-32
-0.131111 -0.933333 0.121096
-0.0983333 -1 0.0981749
0 -0.9 8.68946e-32


-0.157333 -0.82 0.125273
-0.262222 -0.866667 0.219819
-0.22125 -0.925 0.200013
-0.157333 -0.82 0.125273


0 -0.7 6.68616e-32
-0.0655556 -0.666667 0.0418559
-0.07375 -0.775 0.0550626
0 -0.7 6.68616e-32


-0.22125 -0.925 0.200013
-0.262222 -0.866667 0.219819
-0.327778 -0.933333 0.297321
-0.22125 -0.925 0.200013


-0.131111 -0.933333 0.121096
-0.22125 -0.925 0.200013
-0.196667 -1 0.195401
-0.131111 -0.933333 0.121096


-0.131111 -0.933333 0.121096
-0.157333 -0.82 0.125273
-0.22125 -0.925 0.200013
-0.131111 -0.933333 0.121096


0 -0.6 5.73246e-32
-0.0655556 -0.666667 0.0418559
0 -0.7 6.68616e-32
0 -0.6 5.73246e-32


-0.22125 -0.925 0.200013
-0.295 -1 0.29074
-0.196667 -1 0.195401
-0.22125 -0.925 0.200013


-0.10419 -0.402431 0.0396787
-0.104192 -0.492012 0.0484802
0 -0.4 3.7684e-32
-0.10419 -0.402431 0.0396787


-0.104192 -0.31285 0.0310376
-0.10419 -0.402431 0.0396787
0 -0.4 3.7684e-32
-0.104192 -0.31285 0.0310376


-0.104192 -0.31285 0.0310376
-0.21903 -0.327014 0.0675195
-0.10419 -0.402431 0.0396787
-0.104192 -0.31285 0.0310376


-0.131111 -0.733333 0.0922032
-0.0655556 -0.666667 0.0418559
-0.140476 -0.642857 0.0859885
-0.131111 -0.733333 0.0922032


-0.157333 -0.82 0.125273
-0.131111 -0.733333 0.0922032
-0.210714 -0.714286 0.144049
-0.157333 -0.82 0.125273


-0.07375 -0.775 0.0550626
-0.0655556 -0.666667 0.0418559
-0.131111 -0.733333 0.0922032
-0.07375 -0.775 0.0550626


-0.131111 -0.933333 0.121096
-0.0655556 -0.866667 0.0558667
-0.157333 -0.82 0.125273
-0.131111 -0.933333 0.121096


0 -0.8 7.795e-32
0 -0.7 6.68616e-32
-0.07375 -0.775 0.0550626
0 -0.8 7.795e-32


-0.104192 -0.492012 0.0484802
0 -0.5 4.90515e-32
0 -0.4 3.7684e-32
-0.104192 -0.492012 0.0484802


-0.177829 -0.566943 0.0956577
-0.104192 -0.492012 0.0484802
-0.21903 -0.483208 0.0998501
-0.177829 -0.566943 0.0956577


-0.0702381 -0.571429 0.0381158
0 -0.6 5.73246e-32
0 -0.5 4.90515e-32
-0.0702381 -0.571429 0.0381158


-0.177829 -0.566943 0.0956577
-0.0702381 -0.571429 0.0381158
-0.104192 -0.492012 0.0484802
-0.177829 -0.566943 0.0956577


-0.140476 -0.642857 0.0859885
-0.0655556 -0.666667 0.0418559
-0.0702381 -0.571429 0.0381158
-0.140476 -0.642857 0.0859885


-0.327778 -0.933333 0.297321
-0.421429 -0.928571 0.376127
-0.393333 -1 0.383269
-0.327778 -0.933333 0.297321


-0.22125 -0.925 0.200013
-0.327778 -0.933333 0.297321
-0.295 -1 0.29074
-0.22125 -0.925 0.200013


-0.262222 -0.866667 0.219819
-0.35119 -0.857143 0.289052
-0.327778 -0.933333 0.297321
-0.262222 -0.866667 0.219819


-0.210714 -0.714286 0.144049
-0.280952 -0.785714 0.211622
-0.157333 -0.82 0.125273
-0.210714 -0.714286 0.144049


-0.07375 -0.775 0.0550626
-0.131111 -0.733333 0.0922032
-0.157333 -0.82 0.125273
-0.07375 -0.775 0.0550626


-0.21903 -0.483208 0.0998501
-0.345943 -0.408072 0.13337
-0.32211 -0.546559 0.165862
-0.21903 -0.483208 0.0998501


-0.355052 -0.716781 0.241021
-0.39424 -0.794818 0.297892
-0.280952 -0.785714 0.211622
-0.355052 -0.716781 0.241021


-0.177829 -0.566943 0.0956577
-0.21903 -0.483208 0.0998501
-0.251485 -0.621964 0.148144
-0.177829 -0.566943 0.0956577


-0.140476 -0.642857 0.0859885
-0.177829 -0.566943 0.0956577
-0.251485 -0.621964 0.148144
-0.140476 -0.642857 0.0859885


-0.140476 -0.642857 0.0859885
-0.0702381 -0.571429 0.0381158
-0.177829 -0.566943 0.0956577
-0.140476 -0.642857 0.0859885


-0.131111 -0.733333 0.0922032
-0.140476 -0.642857 0.0859885
-0.210714 -0.714286 0.144049
-0.131111 -0.733333 0.0922032


-0.0655556 -0.666667 0.0418559
0 -0.6 5.73246e-32
-0.0702381 -0.571429 0.0381158
-0.0655556 -0.666667 0.0418559


-0.327778 -0.933333 0.297321
-0.393333 -1 0.383269
-0.295 -1 0.29074
-0.327778 -0.933333 0.297321


-0.868465 -0.57255 0.464714
-0.811467 -0.418934 0.324787
-1 -0.423333 0.410802
-0.868465 -0.57255 0.464714


-0.869578 -0.745425 0.589533
-0.868465 -0.57255 0.464714
-1 -0.626667 0.586448
-0.869578 -0.745425 0.589533


-0.753956 -0.702452 0.487672
-0.647867 -0.643109 0.388629
-0.868465 -0.57255 0.464714
-0.753956 -0.702452 0.487672


-0.868465 -0.57255 0.464714
-0.640898 -0.450864 0.270676
-0.811467 -0.418934 0.324787
-0.868465 -0.57255 0.464714


-0.869578 -0.745425 0.589533
-0.753956 -0.702452 0.487672
-0.868465 -0.57255 0.464714
-0.869578 -0.745425 0.589533


-1 -0.825714 0.735032
-0.869578 -0.745425 0.589533
-1 -0.626667 0.586448
-1 -0.825714 0.735032


-1 -0.825714 0.735032
-1 -1 0.841471
-0.842138 -0.902925 0.678988
-1 -0.825714 0.735032


-0.672398 -0.914152 0.566531
-0.59 -1 0.556361
-0.567297 -0.914203 0.486681
-0.672398 -0.914152 0.566531


-0.104192 -0.112503 0.0109071
-0.21903 -0.204381 0.0429246
-0.104192 -0.202084 0.0199625
-0.104192 -0.112503 0.0109071


-0.438753 -0.638915 0.263385
-0.533627 -0.550656 0.275453
-0.579767 -0.727969 0.393568
-0.438753 -0.638915 0.263385


-0.345943 -0.408072 0.13337
-0.438071 -0.478062 0.19753
-0.32211 -0.546559 0.165862
-0.345943 -0.408072 0.13337


-0.640898 -0.450864 0.270676
-0.647867 -0.643109 0.388629
-0.533627 -0.550656 0.275453
-0.640898 -0.450864 0.270676


-0.21903 -0.483208 0.0998501
-0.104192 -0.492012 0.0484802
-0.10419 -0.402431 0.0396787
-0.21903 -0.483208 0.0998501


-0.0702381 -0.571429 0.0381158
0 -0.5 4.90515e-32
-0.104192 -0.492012 0.0484802
-0.0702381 -0.571429 0.0381158


0 -0.4 3.7684e-32
0 -0.3 2.89953e-32
-0.104192 -0.31285 0.0310376
0 -0.4 3.7684e-32


0 -0.2 1.85256e-32
-0.104192 -0.202084 0.0199625
0 -0.3 2.89953e-32
0 -0.2 1.85256e-32


-0.868465 -0.57255 0.464714
-1 -0.423333 0.410802
-1 -0.626667 0.586448
-0.868465 -0.57255 0.464714


-0.640898 -0.313886 0.189451
-0.48624 -0.158349 0.072432
-0.640898 -0.176908 0.108694
-0.640898 -0.313886 0.189451


-0.811467 -0.235083 0.183612
-1 -0.423333 0.410802
-0.811467 -0.418934 0.324787
-0.811467 -0.235083 0.183612


-0.104192 -0.112503 0.0109071
0 -0.2 1.85256e-32
0 -0.1 9.74183e-33
-0.104192 -0.112503 0.0109071


0 -0.1 9.74183e-33
-0.10419 -0.0017365 0.000276961
-0.104192 -0.112503 0.0109071
0 -0.1 9.74183e-33


-0.21903 -0.327014 0.0675195
-0.21903 -0.483208 0.0998501
-0.10419 -0.402431 0.0396787
-0.21903 -0.327014 0.0675195


1 0 4.99195e-32
1 0.0983333 0.0981749
0.9 0 8.68047e-32
1 0 4.99195e-32


0.866667 0.327778 0.273476
0.925 0.22125 0.20051
1 0.295 0.29074
0.866667 0.327778 0.273476


0.82 0.157333 0.125014
0.9 0.1475 0.130684
0.925 0.22125 0.20051
0.82 0.157333 0.125014


0.714286 0.210714 0.144001
0.82 0.157333 0.125014
0.8 0.245833 0.189096
0.714286 0.210714 0.144001


0.714286 0.210714 0.144001
0.733333 0.131111 0.0926817
0.82 0.157333 0.125014
0.714286 0.210714 0.144001


0.748122 0.333256 0.236567
0.725936 0.437347 0.299108
0.617666 0.339285 0.197935
0.748122 0.333256 0.236567


0.604407 0.214668 0.12347
0.571429 0.0702381 0.0380398
0.666667 0.0819444 0.0527635
0.604407 0.214668 0.12347


0.617666 0.339285 0.197935
0.604407 0.214668 0.12347
0.714286 0.210714 0.144001
0.617666 0.339285 0.197935


0.8 0.245833 0.189096
0.748122 0.333256 0.236567
0.714286 0.210714 0.144001
0.8 0.245833 0.189096


0.587552 0.448675 0.247773
0.473477 0.345949 0.155376
0.617666 0.339285 0.197935
0.587552 0.448675 0.247773


0.483208 0.21903 0.0999739
0.492012 0.104192 0.0478407
0.604407 0.214668 0.12347
0.483208 0.21903 0.0999739


0.666667 0.0819444 0.0527635
0.775 0.07375 0.0551445
0.733333 0.131111 0.0926817
0.666667 0.0819444 0.0527635


0.775 0.07375 0.0551445
0.866667 0.0655556 0.0557974
0.82 0.157333 0.125014
0.775 0.07375 0.0551445


0.866667 0.0655556 0.0557974
1 0.0983333 0.0981749
0.9 0.1475 0.130684
0.866667 0.0655556 0.0557974


0.9 0.1475 0.130684
1 0.0983333 0.0981749
1 0.196667 0.195401
0.9 0.1475 0.130684


0.925 0.22125 0.20051
0.9 0.1475 0.130684
1 0.196667 0.195401
0.925 0.22125 0.20051


1 0.295 0.29074
0.925 0.22125 0.20051
1 0.196667 0.195401
1 0.295 0.29074


0.866667 0.327778 0.273476
0.8 0.245833 0.189096
0.925 0.22125 0.20051
0.866667 0.327778 0.273476


0.866667 0.0655556 0.0557974
0.9 0 8.68047e-32
1 0.0983333 0.0981749
0.866667 0.0655556 0.0557974


0.82 0.157333 0.125014
0.866667 0.0655556 0.0557974
0.9 0.1475 0.130684
0.82 0.157333 0.125014


0.714286 0.210714 0.144001
0.604407 0.214668 0.12347
0.666667 0.0819444 0.0527635
0.714286 0.210714 0.144001


0.7 0 6.75929e-32
0.8 0 7.79936e-32
0.775 0.07375 0.0551445
0.7 0 6.75929e-32


0.8 0 7.79936e-32
0.9 0 8.68047e-32
0.866667 0.0655556 0.0557974
0.8 0 7.79936e-32


0.866667 0.327778 0.273476
1 0.295 0.29074
1 0.393333 0.383269
0.866667 0.327778 0.273476


0.866667 0.0655556 0.0557974
0.775 0.07375 0.0551445
0.8 0 7.79936e-32
0.866667 0.0655556 0.0557974


0.914202 0.567298 0.486887
1 0.491667 0.472096
1 0.59 0.556361
0.914202 0.567298 0.486887


1 0.688333 0.635251
0.914151 0.6724 0.566469
1 0.59 0.556361
1 0.688333 0.635251


0.834274 0.535195 0.419017
0.851194 0.426851 0.345477
0.928571 0.421429 0.376588
0.834274 0.535195 0.419017


0.643107 0.647869 0.387154
0.701626 0.551401 0.361184
0.8157 0.654127 0.492676
0.643107 0.647869 0.387154


0.725936 0.437347 0.299108
0.587552 0.448675 0.247773
0.617666 0.339285 0.197935
0.725936 0.437347 0.299108


0.851194 0.426851 0.345477
0.725936 0.437347 0.299108
0.748122 0.333256 0.236567
0.851194 0.426851 0.345477


0.701626 0.551401 0.361184
0.587552 0.448675 0.247773
0.725936 0.437347 0.299108
0.701626 0.551401 0.361184


0.8157 0.654127 0.492676
0.701626 0.551401 0.361184
0.834274 0.535195 0.419017
0.8157 0.654127 0.492676


0.643107 0.647869 0.387154
0.522667 0.539922 0.264452
0.701626 0.551401 0.361184
0.643107 0.647869 0.387154


0.7 0 6.75929e-32
0.775 0.07375 0.0551445
0.666667 0.0819444 0.0527635
0.7 0 6.75929e-32


0.928571 0.421429 0.376588
1 0.491667 0.472096
0.914202 0.567298 0.486887
0.928571 0.421429 0.376588


0.725936 0.437347 0.299108
0.834274 0.535195 0.419017
0.701626 0.551401 0.361184
0.725936 0.437347 0.299108


0.866667 0.327778 0.273476
1 0.393333 0.383269
0.928571 0.421429 0.376588
0.866667 0.327778 0.273476


0.666667 0.0819444 0.0527635
0.6 0 5.69968e-32
0.7 0 6.75929e-32
0.666667 0.0819444 0.0527635


0.666667 0.0819444 0.0527635
0.571429 0.0702381 0.0380398
0.6 0 5.69968e-32
0.666667 0.0819444 0.0527635


0.82 0.157333 0.125014
0.733333 0.131111 0.0926817
0.775 0.07375 0.0551445
0.82 0.157333 0.125014


0.733333 0.131111 0.0926817
0.714286 0.210714 0.144001
0.666667 0.0819444 0.0527635
0.733333 0.131111 0.0926817


0.492012 0.104192 0.0478407
0.402431 0.10419 0.0393931
0.4 0 3.80341e-32
0.492012 0.104192 0.0478407


0.604407 0.214668 0.12347
0.492012 0.104192 0.0478407
0.571429 0.0702381 0.0380398
0.604407 0.214668 0.12347


0.483208 0.21903 0.0999739
0.402431 0.10419 0.0393931
0.492012 0.104192 0.0478407
0.483208 0.21903 0.0999739


1 1 0.841471
0.825714 1 0.735032
0.902927 0.842137 0.678978
1 1 0.841471


0.745425 0.869578 0.589659
0.902927 0.842137 0.678978
0.825714 1 0.735032
0.745425 0.869578 0.589659


0.825714 1 0.735032
0.626667 1 0.586448
0.745425 0.869578 0.589659
0.825714 1 0.735032


0.902927 0.842137 0.678978
1 0.786667 0.708003
1 0.885 0.773915
0.902927 0.842137 0.678978


1 1 0.841471
0.902927 0.842137 0.678978
1 0.885 0.773915
1 1 0.841471


0.914151 0.6724 0.566469
0.8157 0.654127 0.492676
0.914202 0.567298 0.486887
0.914151 0.6724 0.566469


1 0.786667 0.708003
0.914151 0.6724 0.566469
1 0.688333 0.635251
1 0.786667 0.708003


0.845326 0.759865 0.583653
0.8157 0.654127 0.492676
0.914151 0.6724 0.566469
0.845326 0.759865 0.583653


0.745425 0.869578 0.589659
0.845326 0.759865 0.583653
0.902927 0.842137 0.678978
0.745425 0.869578 0.589659


0.745425 0.869578 0.589659
0.572552 0.868463 0.465773
0.702456 0.753952 0.487713
0.745425 0.869578 0.589659


1 0.786667 0.708003
0.845326 0.759865 0.583653
0.914151 0.6724 0.566469
1 0.786667 0.708003


1 0.786667 0.708003
0.902927 0.842137 0.678978
0.845326 0.759865 0.583653
1 0.786667 0.708003


0.437788 0.811464 0.337564
0.423333 1 0.410802
0.216229 0.811467 0.168875
0.437788 0.811464 0.337564


0.914151 0.6724 0.566469
0.914202 0.567298 0.486887
1 0.59 0.556361
0.914151 0.6724 0.566469


0.745425 0.869578 0.589659
0.702456 0.753952 0.487713
0.845326 0.759865 0.583653
0.745425 0.869578 0.589659


0.617666 0.339285 0.197935
0.473477 0.345949 0.155376
0.483208 0.21903 0.0999739
0.617666 0.339285 0.197935


0.702456 0.753952 0.487713
0.643107 0.647869 0.387154
0.8157 0.654127 0.492676
0.702456 0.753952 0.487713


0.522667 0.539922 0.264452
0.35997 0.48624 0.16588
0.473477 0.345949 0.155376
0.522667 0.539922 0.264452


0.701626 0.551401 0.361184
0.522667 0.539922 0.264452
0.587552 0.448675 0.247773
0.701626 0.551401 0.361184


0.450864 0.640898 0.27232
0.35997 0.48624 0.16588
0.522667 0.539922 0.264452
0.450864 0.640898 0.27232


0.202084 0.10419 0.0198524
0.282478 0.21903 0.0585534
0.126284 0.21903 0.0257336
0.202084 0.10419 0.0198524


0.4 0 3.80341e-32
0.402431 0.10419 0.0393931
0.3 0 2.78144e-32
0.4 0 3.80341e-32


0.282478 0.21903 0.0585534
0.206919 0.345943 0.0669853
0.126284 0.21903 0.0257336
0.282478 0.21903 0.0585534


0.402431 0.10419 0.0393931
0.382843 0.21903 0.079075
0.291665 0.104192 0.0286634
0.402431 0.10419 0.0393931


0.382843 0.21903 0.079075
0.473477 0.345949 0.155376
0.342667 0.345949 0.112791
0.382843 0.21903 0.079075


0.851194 0.426851 0.345477
0.748122 0.333256 0.236567
0.866667 0.327778 0.273476
0.851194 0.426851 0.345477


0.914202 0.567298 0.486887
0.834274 0.535195 0.419017
0.928571 0.421429 0.376588
0.914202 0.567298 0.486887


0.914202 0.567298 0.486887
0.8157 0.654127 0.492676
0.834274 0.535195 0.419017
0.914202 0.567298 0.486887


0.82 0.157333 0.125014
0.925 0.22125 0.20051
0.8 0.245833 0.189096
0.82 0.157333 0.125014


1 0.393333 0.383269
1 0.491667 0.472096
0.928571 0.421429 0.376588
1 0.393333 0.383269


0.032378 0.811464 0.0245485
0.22 1 0.21823
0.0166667 1 0.0166659
0.032378 0.811464 0.0245485


0.313886 0.640898 0.189829
0.450864 0.640898 0.27232
0.437788 0.811464 0.337564
0.313886 0.640898 0.189829


0.158349 0.48624 0.0733871
0.313886 0.640898 0.189829
0.176908 0.640898 0.108505
0.158349 0.48624 0.0733871


0.35997 0.48624 0.16588
0.450864 0.640898 0.27232
0.313886 0.640898 0.189829
0.35997 0.48624 0.16588


0.437788 0.811464 0.337564
0.572552 0.868463 0.465773
0.423333 1 0.410802
0.437788 0.811464 0.337564


0.313886 0.640898 0.189829
0.437788 0.811464 0.337564
0.216229 0.811467 0.168875
0.313886 0.640898 0.189829


0.545721 0.725464 0.370142
0.643107 0.647869 0.387154
0.702456 0.753952 0.487713
0.545721 0.725464 0.370142


0.450864 0.640898 0.27232
0.545721 0.725464 0.370142
0.437788 0.811464 0.337564
0.450864 0.640898 0.27232


0.450864 0.640898 0.27232
0.522667 0.539922 0.264452
0.545721 0.725464 0.370142
0.450864 0.640898 0.27232


0.216229 0.811467 0.168875
0.423333 1 0.410802
0.22 1 0.21823
0.216229 0.811467 0.168875


0.6 0 5.69968e-32
0.571429 0.0702381 0.0380398
0.5 0 4.86025e-32
0.6 0 5.69968e-32


0.571429 0.0702381 0.0380398
0.492012 0.104192 0.0478407
0.5 0 4.86025e-32
0.571429 0.0702381 0.0380398


0.032378 0.811464 0.0245485
0.216229 0.811467 0.168875
0.22 1 0.21823
0.032378 0.811464 0.0245485


-0.186667 1 -0.185585
-0.151474 0.811467 -0.119789
0.0166667 1 0.0166659
-0.186667 1 -0.185585


0.0106816 0.640898 0.00637649
0.00810399 0.48624 0.0027931
0.158349 0.48624 0.0733871
0.0106816 0.640898 0.00637649


-0.151474 0.811467 -0.119789
-0.119635 0.640903 -0.0743047
0.032378 0.811464 0.0245485
-0.151474 0.811467 -0.119789


-0.119635 0.640903 -0.0743047
-0.24995 0.640898 -0.153579
-0.189633 0.48624 -0.0884569
-0.119635 0.640903 -0.0743047


0.032378 0.811464 0.0245485
-0.119635 0.640903 -0.0743047
0.0106816 0.640898 0.00637649
0.032378 0.811464 0.0245485


-0.151474 0.811467 -0.119789
-0.24995 0.640898 -0.153579
-0.119635 0.640903 -0.0743047
-0.151474 0.811467 -0.119789


0.0106816 0.640898 0.00637649
0.158349 0.48624 0.0733871
0.176908 0.640898 0.108505
0.0106816 0.640898 0.00637649


-0.064576 0.345943 -0.021511
0.00810399 0.48624 0.0027931
-0.189633 0.48624 -0.0884569
-0.064576 0.345943 -0.021511


0.0711709 0.345949 0.0228966
0.158349 0.48624 0.0733871
0.00810399 0.48624 0.0027931
0.0711709 0.345949 0.0228966


0.202084 0.10419 0.0198524
0.291665 0.104192 0.0286634
0.282478 0.21903 0.0585534
0.202084 0.10419 0.0198524


0.2 0 1.87034e-32
0.202084 0.10419 0.0198524
0.112503 0.104192 0.0110677
0.2 0 1.87034e-32


0.2 0 1.87034e-32
0.291665 0.104192 0.0286634
0.202084 0.10419 0.0198524
0.2 0 1.87034e-32


0.176908 0.640898 0.108505
0.313886 0.640898 0.189829
0.216229 0.811467 0.168875
0.176908 0.640898 0.108505


0.382843 0.21903 0.079075
0.483208 0.21903 0.0999739
0.473477 0.345949 0.155376
0.382843 0.21903 0.079075


0.282478 0.21903 0.0585534
0.382843 0.21903 0.079075
0.342667 0.345949 0.112791
0.282478 0.21903 0.0585534


0.282478 0.21903 0.0585534
0.291665 0.104192 0.0286634
0.382843 0.21903 0.079075
0.282478 0.21903 0.0585534


0.473477 0.345949 0.155376
0.587552 0.448675 0.247773
0.522667 0.539922 0.264452
0.473477 0.345949 0.155376


0.342667 0.345949 0.112791
0.473477 0.345949 0.155376
0.35997 0.48624 0.16588
0.342667 0.345949 0.112791


0.206919 0.345943 0.0669853
0.342667 0.345949 0.112791
0.35997 0.48624 0.16588
0.206919 0.345943 0.0669853


0.206919 0.345943 0.0669853
0.282478 0.21903 0.0585534
0.342667 0.345949 0.112791
0.206919 0.345943 0.0669853


0.483208 0.21903 0.0999739
0.604407 0.214668 0.12347
0.617666 0.339285 0.197935
0.483208 0.21903 0.0999739


0.572552 0.868463 0.465773
0.745425 0.869578 0.589659
0.626667 1 0.586448
0.572552 0.868463 0.465773


0.423333 1 0.410802
0.572552 0.868463 0.465773
0.626667 1 0.586448
0.423333 1 0.410802


0.702456 0.753952 0.487713
0.8157 0.654127 0.492676
0.845326 0.759865 0.583653
0.702456 0.753952 0.487713


0.437788 0.811464 0.337564
0.545721 0.725464 0.370142
0.572552 0.868463 0.465773
0.437788 0.811464 0.337564


0.851194 0.426851 0.345477
0.834274 0.535195 0.419017
0.725936 0.437347 0.299108
0.851194 0.426851 0.345477


0.572552 0.868463 0.465773
0.545721 0.725464 0.370142
0.702456 0.753952 0.487713
0.572552 0.868463 0.465773


0.545721 0.725464 0.370142
0.522667 0.539922 0.264452
0.643107 0.647869 0.387154
0.545721 0.725464 0.370142


0.206919 0.345943 0.0669853
0.35997 0.48624 0.16588
0.158349 0.48624 0.0733871
0.206919 0.345943 0.0669853


0.748122 0.333256 0.236567
0.617666 0.339285 0.197935
0.714286 0.210714 0.144001
0.748122 0.333256 0.236567


0.866667 0.327778 0.273476
0.748122 0.333256 0.236567
0.8 0.245833 0.189096
0.866667 0.327778 0.273476


0.866667 0.327778 0.273476
0.928571 0.421429 0.376588
0.851194 0.426851 0.345477
0.866667 0.327778 0.273476


0.492012 0.104192 0.0478407
0.4 0 3.80341e-32
0.5 0 4.86025e-32
0.492012 0.104192 0.0478407


0.382843 0.21903 0.079075
0.402431 0.10419 0.0393931
0.483208 0.21903 0.0999739
0.382843 0.21903 0.079075


0.291665 0.104192 0.0286634
0.3 0 2.78144e-32
0.402431 0.10419 0.0393931
0.291665 0.104192 0.0286634


0.2 0 1.87034e-32
0.3 0 2.78144e-32
0.291665 0.104192 0.0286634
0.2 0 1.87034e-32


-0.316471 0.811464 -0.247139
-0.5425 0.8475 -0.432017
-0.461582 0.666625 -0.290966
-0.316471 0.811464 -0.247139


-0.151474 0.811467 -0.119789
-0.316471 0.811464 -0.247139
-0.24995 0.640898 -0.153579
-0.151474 0.811467 -0.119789


-0.39 1 -0.380188
-0.5425 0.8475 -0.432017
-0.316471 0.811464 -0.247139
-0.39 1 -0.380188


0.2 0 1.87034e-32
0.112503 0.104192 0.0110677
0.1 0 1.06225e-32
0.2 0 1.87034e-32


-0.151474 0.811467 -0.119789
0.032378 0.811464 0.0245485
0.0166667 1 0.0166659
-0.151474 0.811467 -0.119789


-0.39 1 -0.380188
-0.316471 0.811464 -0.247139
-0.186667 1 -0.185585
-0.39 1 -0.380188


-0.119635 0.640903 -0.0743047
-0.189633 0.48624 -0.0884569
0.00810399 0.48624 0.0027931
-0.119635 0.640903 -0.0743047


0.1 0 1.06225e-32
0.112503 0.104192 0.0110677
0 0 -1.66115e-33
0.1 0 1.06225e-32


-0.461582 0.666625 -0.290966
-0.695 0.695 -0.445915
-0.666628 0.461583 -0.291152
-0.461582 0.666625 -0.290966


-0.523535 0.293375 -0.14505
-0.409913 0.335412 -0.129711
-0.493447 0.47409 -0.219819
-0.523535 0.293375 -0.14505


-0.486246 0.189636 -0.0883533
-0.523535 0.293375 -0.14505
-0.640903 0.249952 -0.153289
-0.486246 0.189636 -0.0883533


-0.486246 0.189636 -0.0883533
-0.409913 0.335412 -0.129711
-0.523535 0.293375 -0.14505
-0.486246 0.189636 -0.0883533


-0.24995 0.640898 -0.153579
-0.316471 0.811464 -0.247139
-0.461582 0.666625 -0.290966
-0.24995 0.640898 -0.153579


0.0711709 0.345949 0.0228966
0.206919 0.345943 0.0669853
0.158349 0.48624 0.0733871
0.0711709 0.345949 0.0228966


-0.064576 0.345943 -0.021511
0.0711709 0.345949 0.0228966
0.00810399 0.48624 0.0027931
-0.064576 0.345943 -0.021511


-0.210465 0.20986 -0.0420359
-0.219026 0.0854201 -0.017991
-0.12765 0.0950352 -0.0117064
-0.210465 0.20986 -0.0420359


-0.064576 0.345943 -0.021511
-0.200388 0.343559 -0.0659971
-0.0854216 0.21903 -0.0176818
-0.064576 0.345943 -0.021511


-0.343797 0.200082 -0.066352
-0.219026 0.0854201 -0.017991
-0.210465 0.20986 -0.0420359
-0.343797 0.200082 -0.066352


-0.064576 0.345943 -0.021511
-0.189633 0.48624 -0.0884569
-0.200388 0.343559 -0.0659971
-0.064576 0.345943 -0.021511


-0.486246 0.189636 -0.0883533
-0.345949 0.0645772 -0.0210082
-0.343797 0.200082 -0.066352
-0.486246 0.189636 -0.0883533


-0.064576 0.345943 -0.021511
0.00365049 0.21903 0.000934168
0.0711709 0.345949 0.0228966
-0.064576 0.345943 -0.021511


0.00365049 0.21903 0.000934168
0.112503 0.104192 0.0110677
0.126284 0.21903 0.0257336
0.00365049 0.21903 0.000934168


0 0 -1.66115e-33
-0.0406347 0.104192 -0.00398561
-0.10419 -0.0017365 0.000276961
0 0 -1.66115e-33


0.126284 0.21903 0.0257336
0.206919 0.345943 0.0669853
0.0711709 0.345949 0.0228966
0.126284 0.21903 0.0257336


-0.064576 0.345943 -0.021511
-0.0854216 0.21903 -0.0176818
0.00365049 0.21903 0.000934168
-0.064576 0.345943 -0.021511


0.112503 0.104192 0.0110677
0.202084 0.10419 0.0198524
0.126284 0.21903 0.0257336
0.112503 0.104192 0.0110677


