-1 1 2.98112e-31
-1 0.796667 4.12794e-31
-0.796667 1 0.596225
-1 1 2.98112e-31


-0.8475 0.5425 0.0532119
-1 0.593333 1.76308e-31
-1 0.39 -1.91718e-31
-0.8475 0.5425 0.0532119


-0.640903 0.249952 -0.638446
-0.666628 0.461583 -0.109998
-0.811467 0.316472 -0.305869
-0.640903 0.249952 -0.638446


-0.8475 0.695 0.263929
-1 0.593333 1.76308e-31
-0.8475 0.5425 0.0532119
-0.8475 0.695 0.263929


-0.728889 0.864444 0.686474
-0.8475 0.695 0.263929
-0.695 0.695 0.472026
-0.728889 0.864444 0.686474


-1 0.796667 4.12794e-31
-1 0.593333 1.76308e-31
-0.8475 0.695 0.263929
-1 0.796667 4.12794e-31


-0.8475 0.695 0.263929
-0.728889 0.864444 0.686474
-1 0.796667 4.12794e-31
-0.8475 0.695 0.263929


-0.640898 0.119634 -0.837334
-0.811464 0.151473 -0.492241
-0.811467 -0.0323778 -0.553164
-0.640898 0.119634 -0.837334


-0.666628 0.461583 -0.109998
-0.8475 0.5425 0.0532119
-0.811467 0.316472 -0.305869
-0.666628 0.461583 -0.109998


-0.523535 0.293375 -0.594808
-0.493447 0.47409 -0.0807891
-0.666628 0.461583 -0.109998
-0.523535 0.293375 -0.594808


-0.695 0.695 0.472026
-0.8475 0.5425 0.0532119
-0.666628 0.461583 -0.109998
-0.695 0.695 0.472026


-0.728889 0.864444 0.686474
-0.695 0.695 0.472026
-0.5425 0.8475 0.881423
-0.728889 0.864444 0.686474


-0.593333 1 0.957319
-0.728889 0.864444 0.686474
-0.5425 0.8475 0.881423
-0.593333 1 0.957319


-0.796667 1 0.596225
-1 0.796667 4.12794e-31
-0.728889 0.864444 0.686474
-0.796667 1 0.596225


-0.8475 0.695 0.263929
-0.8475 0.5425 0.0532119
-0.695 0.695 0.472026
-0.8475 0.695 0.263929


-1 0.39 -1.91718e-31
-1 0.186667 -4.77138e-31
-0.811467 0.316472 -0.305869
-1 0.39 -1.91718e-31


-0.640903 0.249952 -0.638446
-0.811467 0.316472 -0.305869
-0.811464 0.151473 -0.492241
-0.640903 0.249952 -0.638446


-0.486246 0.189636 -0.830733
-0.640903 0.249952 -0.638446
-0.640898 0.119634 -0.837334
-0.486246 0.189636 -0.830733


-0.219026 0.0854201 -0.607556
-0.343797 0.200082 -0.704001
-0.345949 0.0645772 -0.864252
-0.219026 0.0854201 -0.607556


-0.33116 0.48581 -0.0391138
-0.24995 0.640898 0.307145
-0.461582 0.666625 0.496894
-0.33116 0.48581 -0.0391138


-0.666628 0.461583 -0.109998
-0.493447 0.47409 -0.0807891
-0.461582 0.666625 0.496894
-0.666628 0.461583 -0.109998


-0.409913 0.335412 -0.471425
-0.200388 0.343559 -0.275346
-0.33116 0.48581 -0.0391138
-0.409913 0.335412 -0.471425


-0.200388 0.343559 -0.275346
-0.343797 0.200082 -0.704001
-0.210465 0.20986 -0.473627
-0.200388 0.343559 -0.275346


-0.493447 0.47409 -0.0807891
-0.409913 0.335412 -0.471425
-0.33116 0.48581 -0.0391138
-0.493447 0.47409 -0.0807891


-0.461582 0.666625 0.496894
-0.493447 0.47409 -0.0807891
-0.33116 0.48581 -0.0391138
-0.461582 0.666625 0.496894


-0.666628 0.461583 -0.109998
-0.640903 0.249952 -0.638446
-0.523535 0.293375 -0.594808
-0.666628 0.461583 -0.109998


-0.486246 0.189636 -0.830733
-0.343797 0.200082 -0.704001
-0.409913 0.335412 -0.471425
-0.486246 0.189636 -0.830733


-0.728889 0.864444 0.686474
-0.593333 1 0.957319
-0.796667 1 0.596225
-0.728889 0.864444 0.686474


-1 0.39 -1.91718e-31
-0.811467 0.316472 -0.305869
-0.8475 0.5425 0.0532119
-1 0.39 -1.91718e-31


-0.316471 0.811464 0.699785
-0.151474 0.811467 0.374203
-0.186667 1 0.553392
-0.316471 0.811464 0.699785


-0.695 0.695 0.472026
-0.461582 0.666625 0.496894
-0.5425 0.8475 0.881423
-0.695 0.695 0.472026


-0.119635 0.640903 0.157154
0.00810399 0.48624 0.00544839
0.0106816 0.640898 -0.0213983
-0.119635 0.640903 0.157154


-0.640903 -0.0465914 -0.868031
-0.640898 0.119634 -0.837334
-0.811467 -0.0323778 -0.553164
-0.640903 -0.0465914 -0.868031


-0.811467 -0.0323778 -0.553164
-1 -0.0166667 -5.88364e-31
-1 -0.22 -4.45753e-31
-0.811467 -0.0323778 -0.553164


-0.811467 -0.235083 -0.401849
-0.811467 -0.0323778 -0.553164
-1 -0.22 -4.45753e-31
-0.811467 -0.235083 -0.401849


-0.640898 -0.450864 -0.130331
-0.640898 -0.313886 -0.493868
-0.811467 -0.418934 -0.155921
-0.640898 -0.450864 -0.130331


-0.640898 -0.176908 -0.749961
-0.640903 -0.0465914 -0.868031
-0.811467 -0.0323778 -0.553164
-0.640898 -0.176908 -0.749961


-0.640898 -0.313886 -0.493868
-0.640898 -0.176908 -0.749961
-0.811467 -0.235083 -0.401849
-0.640898 -0.313886 -0.493868


-0.811467 -0.418934 -0.155921
-0.640898 -0.313886 -0.493868
-0.811467 -0.235083 -0.401849
-0.811467 -0.418934 -0.155921


-0.640898 -0.450864 -0.130331
-0.48624 -0.35997 -0.424999
-0.640898 -0.313886 -0.493868
-0.640898 -0.450864 -0.130331


-0.48624 -0.158349 -0.881078
-0.640903 -0.0465914 -0.868031
-0.640898 -0.176908 -0.749961
-0.48624 -0.158349 -0.881078


-0.345943 -0.408072 -0.250577
-0.345943 -0.272325 -0.58138
-0.48624 -0.35997 -0.424999
-0.345943 -0.408072 -0.250577


-0.345943 -0.0711714 -0.859931
-0.486246 -0.00810411 -0.992567
-0.48624 -0.158349 -0.881078
-0.345943 -0.0711714 -0.859931


-0.345943 -0.272325 -0.58138
-0.345943 -0.0711714 -0.859931
-0.48624 -0.158349 -0.881078
-0.345943 -0.272325 -0.58138


-0.48624 -0.35997 -0.424999
-0.345943 -0.272325 -0.58138
-0.48624 -0.158349 -0.881078
-0.48624 -0.35997 -0.424999


-0.21903 -0.204381 -0.507413
-0.104192 -0.31285 -0.176462
-0.104192 -0.202084 -0.254951
-0.21903 -0.204381 -0.507413


-0.345943 -0.408072 -0.250577
-0.21903 -0.327014 -0.328574
-0.345943 -0.272325 -0.58138
-0.345943 -0.408072 -0.250577


-0.345943 -0.408072 -0.250577
-0.21903 -0.483208 -0.0358438
-0.21903 -0.327014 -0.328574
-0.345943 -0.408072 -0.250577


0.313886 0.640898 -0.350553
0.158349 0.48624 0.0123535
0.35997 0.48624 0.0384693
0.313886 0.640898 -0.350553


0.032378 0.811464 -0.0950922
0.176908 0.640898 -0.23131
0.216229 0.811467 -0.52786
0.032378 0.811464 -0.0950922


0.032378 0.811464 -0.0950922
0.0106816 0.640898 -0.0213983
0.176908 0.640898 -0.23131
0.032378 0.811464 -0.0950922


-0.593333 1 0.957319
-0.5425 0.8475 0.881423
-0.39 1 0.940881
-0.593333 1 0.957319


0.00365049 0.21903 0.00882398
-0.0406347 0.104192 -0.118748
0.112503 0.104192 0.327901
0.00365049 0.21903 0.00882398


0.0711709 0.345949 0.104033
0.00365049 0.21903 0.00882398
0.126284 0.21903 0.300035
0.0711709 0.345949 0.104033


-0.0854216 0.21903 -0.20337
-0.0406347 0.104192 -0.118748
0.00365049 0.21903 0.00882398
-0.0854216 0.21903 -0.20337


-0.200388 0.343559 -0.275346
-0.409913 0.335412 -0.471425
-0.343797 0.200082 -0.704001
-0.200388 0.343559 -0.275346


-0.0854216 0.21903 -0.20337
-0.200388 0.343559 -0.275346
-0.210465 0.20986 -0.473627
-0.0854216 0.21903 -0.20337


-0.189633 0.48624 -0.0177408
-0.33116 0.48581 -0.0391138
-0.200388 0.343559 -0.275346
-0.189633 0.48624 -0.0177408


-0.12765 0.0950352 -0.367556
-0.10419 -0.0017365 -0.320232
-0.0406347 0.104192 -0.118748
-0.12765 0.0950352 -0.367556


-0.0854216 0.21903 -0.20337
-0.12765 0.0950352 -0.367556
-0.0406347 0.104192 -0.118748
-0.0854216 0.21903 -0.20337


-0.219026 0.0854201 -0.607556
-0.10419 -0.0017365 -0.320232
-0.12765 0.0950352 -0.367556
-0.219026 0.0854201 -0.607556


-0.189633 0.48624 -0.0177408
-0.24995 0.640898 0.307145
-0.33116 0.48581 -0.0391138
-0.189633 0.48624 -0.0177408


-0.345949 0.0645772 -0.864252
-0.219026 -0.0817478 -0.613718
-0.219026 0.0854201 -0.607556
-0.345949 0.0645772 -0.864252


-0.345943 -0.0711714 -0.859931
-0.345949 0.0645772 -0.864252
-0.486246 -0.00810411 -0.992567
-0.345943 -0.0711714 -0.859931


-0.210465 0.20986 -0.473627
-0.12765 0.0950352 -0.367556
-0.0854216 0.21903 -0.20337
-0.210465 0.20986 -0.473627


-0.345943 -0.0711714 -0.859931
-0.219026 -0.0817478 -0.613718
-0.345949 0.0645772 -0.864252
-0.345943 -0.0711714 -0.859931


0 0 -1.49882e-31
0.112503 0.104192 0.327901
-0.0406347 0.104192 -0.118748
0 0 -1.49882e-31


-0.811464 0.151473 -0.492241
-1 -0.0166667 -5.88364e-31
-0.811467 -0.0323778 -0.553164
-0.811464 0.151473 -0.492241


-0.811467 -0.235083 -0.401849
-1 -0.22 -4.45753e-31
-1 -0.423333 -9.41593e-32
-0.811467 -0.235083 -0.401849


-0.640898 -0.313886 -0.493868
-0.48624 -0.35997 -0.424999
-0.48624 -0.158349 -0.881078
-0.640898 -0.313886 -0.493868


-0.21903 -0.204381 -0.507413
-0.345943 -0.0711714 -0.859931
-0.345943 -0.272325 -0.58138
-0.21903 -0.204381 -0.507413


-0.10419 -0.0017365 -0.320232
-0.219026 -0.0817478 -0.613718
-0.104192 -0.112503 -0.300901
-0.10419 -0.0017365 -0.320232


-0.10419 -0.0017365 -0.320232
-0.219026 0.0854201 -0.607556
-0.219026 -0.0817478 -0.613718
-0.10419 -0.0017365 -0.320232


-0.486246 0.189636 -0.830733
-0.640898 0.119634 -0.837334
-0.486246 -0.00810411 -0.992567
-0.486246 0.189636 -0.830733


-1 0.186667 -4.77138e-31
-0.811464 0.151473 -0.492241
-0.811467 0.316472 -0.305869
-1 0.186667 -4.77138e-31


-1 0.186667 -4.77138e-31
-1 -0.0166667 -5.88364e-31
-0.811464 0.151473 -0.492241
-1 0.186667 -4.77138e-31


-0.640903 -0.0465914 -0.868031
-0.48624 -0.158349 -0.881078
-0.486246 -0.00810411 -0.992567
-0.640903 -0.0465914 -0.868031


-0.640898 0.119634 -0.837334
-0.640903 -0.0465914 -0.868031
-0.486246 -0.00810411 -0.992567
-0.640898 0.119634 -0.837334


-0.345949 0.0645772 -0.864252
-0.486246 0.189636 -0.830733
-0.486246 -0.00810411 -0.992567
-0.345949 0.0645772 -0.864252


-0.640903 0.249952 -0.638446
-0.811464 0.151473 -0.492241
-0.640898 0.119634 -0.837334
-0.640903 0.249952 -0.638446


-0.811467 -0.0323778 -0.553164
-0.811467 -0.235083 -0.401849
-0.640898 -0.176908 -0.749961
-0.811467 -0.0323778 -0.553164


-0.579767 -0.727969 0.62682
-0.647867 -0.643109 0.376782
-0.654124 -0.815704 0.743839
-0.579767 -0.727969 0.62682


-0.518129 -0.804775 0.817485
-0.579767 -0.727969 0.62682
-0.654124 -0.815704 0.743839
-0.518129 -0.804775 0.817485


-0.518129 -0.804775 0.817485
-0.438753 -0.638915 0.41557
-0.579767 -0.727969 0.62682
-0.518129 -0.804775 0.817485


-0.210714 -0.714286 0.382464
-0.355052 -0.716781 0.560285
-0.280952 -0.785714 0.600741
-0.210714 -0.714286 0.382464


-0.438071 -0.478062 -0.0643934
-0.345943 -0.408072 -0.250577
-0.48624 -0.35997 -0.424999
-0.438071 -0.478062 -0.0643934


-0.533627 -0.550656 0.157117
-0.438071 -0.478062 -0.0643934
-0.48624 -0.35997 -0.424999
-0.533627 -0.550656 0.157117


-0.533627 -0.550656 0.157117
-0.438753 -0.638915 0.41557
-0.438071 -0.478062 -0.0643934
-0.533627 -0.550656 0.157117


-0.251485 -0.621964 0.260659
-0.32211 -0.546559 0.122534
-0.355052 -0.716781 0.560285
-0.251485 -0.621964 0.260659


-0.251485 -0.621964 0.260659
-0.21903 -0.483208 -0.0358438
-0.32211 -0.546559 0.122534
-0.251485 -0.621964 0.260659


-0.10419 -0.0017365 -0.320232
0 -0.1 -2.90117e-31
0 0 -1.49882e-31
-0.10419 -0.0017365 -0.320232


-0.21903 -0.204381 -0.507413
-0.21903 -0.327014 -0.328574
-0.104192 -0.31285 -0.176462
-0.21903 -0.204381 -0.507413


-0.345943 -0.0711714 -0.859931
-0.21903 -0.204381 -0.507413
-0.219026 -0.0817478 -0.613718
-0.345943 -0.0711714 -0.859931


-0.345943 -0.272325 -0.58138
-0.21903 -0.327014 -0.328574
-0.21903 -0.204381 -0.507413
-0.345943 -0.272325 -0.58138


-0.104192 -0.202084 -0.254951
0 -0.2 -2.47911e-31
-0.104192 -0.112503 -0.300901
-0.104192 -0.202084 -0.254951


-0.219026 -0.0817478 -0.613718
-0.21903 -0.204381 -0.507413
-0.104192 -0.112503 -0.300901
-0.219026 -0.0817478 -0.613718


-0.104192 -0.31285 -0.176462
0 -0.3 -1.74988e-31
-0.104192 -0.202084 -0.254951
-0.104192 -0.31285 -0.176462


-1 -1 2.67089e-31
-0.885 -1 0.353475
-0.842138 -0.902925 0.453196
-1 -1 2.67089e-31


-0.759865 -0.845326 0.607117
-0.753956 -0.702452 0.408043
-0.869578 -0.745425 0.277781
-0.759865 -0.845326 0.607117


-0.786667 -1 0.621148
-0.759865 -0.845326 0.607117
-0.842138 -0.902925 0.453196
-0.786667 -1 0.621148


-0.654124 -0.815704 0.743839
-0.753956 -0.702452 0.408043
-0.759865 -0.845326 0.607117
-0.654124 -0.815704 0.743839


-0.842138 -0.902925 0.453196
-0.869578 -0.745425 0.277781
-1 -0.825714 4.56853e-31
-0.842138 -0.902925 0.453196


-0.786667 -1 0.621148
-0.842138 -0.902925 0.453196
-0.885 -1 0.353475
-0.786667 -1 0.621148


-0.786667 -1 0.621148
-0.688333 -1 0.830012
-0.672398 -0.914152 0.827996
-0.786667 -1 0.621148


-0.672398 -0.914152 0.827996
-0.688333 -1 0.830012
-0.59 -1 0.960294
-0.672398 -0.914152 0.827996


-0.759865 -0.845326 0.607117
-0.672398 -0.914152 0.827996
-0.654124 -0.815704 0.743839
-0.759865 -0.845326 0.607117


-0.759865 -0.845326 0.607117
-0.786667 -1 0.621148
-0.672398 -0.914152 0.827996
-0.759865 -0.845326 0.607117


-0.421429 -0.928571 0.951466
-0.567297 -0.914203 0.943696
-0.491667 -1 0.999657
-0.421429 -0.928571 0.951466


-0.518129 -0.804775 0.817485
-0.654124 -0.815704 0.743839
-0.567297 -0.914203 0.943696
-0.518129 -0.804775 0.817485


-0.421429 -0.928571 0.951466
-0.518129 -0.804775 0.817485
-0.567297 -0.914203 0.943696
-0.421429 -0.928571 0.951466


-0.39424 -0.794818 0.754198
-0.355052 -0.716781 0.560285
-0.438753 -0.638915 0.41557
-0.39424 -0.794818 0.754198


-0.868465 -0.57255 0.0913287
-0.647867 -0.643109 0.376782
-0.640898 -0.450864 -0.130331
-0.868465 -0.57255 0.0913287


-0.753956 -0.702452 0.408043
-0.654124 -0.815704 0.743839
-0.647867 -0.643109 0.376782
-0.753956 -0.702452 0.408043


-0.421429 -0.928571 0.951466
-0.491667 -1 0.999657
-0.393333 -1 0.944376
-0.421429 -0.928571 0.951466


-0.280952 -0.785714 0.600741
-0.35119 -0.857143 0.797484
-0.262222 -0.866667 0.664586
-0.280952 -0.785714 0.600741


-0.157333 -0.82 0.404431
-0.280952 -0.785714 0.600741
-0.262222 -0.866667 0.664586
-0.157333 -0.82 0.404431


-0.640898 -0.450864 -0.130331
-0.533627 -0.550656 0.157117
-0.48624 -0.35997 -0.424999
-0.640898 -0.450864 -0.130331


-0.210714 -0.714286 0.382464
-0.251485 -0.621964 0.260659
-0.355052 -0.716781 0.560285
-0.210714 -0.714286 0.382464


-0.210714 -0.714286 0.382464
-0.140476 -0.642857 0.182944
-0.251485 -0.621964 0.260659
-0.210714 -0.714286 0.382464


-0.567297 -0.914203 0.943696
-0.59 -1 0.960294
-0.491667 -1 0.999657
-0.567297 -0.914203 0.943696


-0.35119 -0.857143 0.797484
-0.39424 -0.794818 0.754198
-0.421429 -0.928571 0.951466
-0.35119 -0.857143 0.797484


-0.654124 -0.815704 0.743839
-0.672398 -0.914152 0.827996
-0.567297 -0.914203 0.943696
-0.654124 -0.815704 0.743839


-0.518129 -0.804775 0.817485
-0.39424 -0.794818 0.754198
-0.438753 -0.638915 0.41557
-0.518129 -0.804775 0.817485


-0.421429 -0.928571 0.951466
-0.39424 -0.794818 0.754198
-0.518129 -0.804775 0.817485
-0.421429 -0.928571 0.951466


-0.35119 -0.857143 0.797484
-0.280952 -0.785714 0.600741
-0.39424 -0.794818 0.754198
-0.35119 -0.857143 0.797484


-0.327778 -0.933333 0.83674
-0.35119 -0.857143 0.797484
-0.421429 -0.928571 0.951466
-0.327778 -0.933333 0.83674


-0.438753 -0.638915 0.41557
-0.355052 -0.716781 0.560285
-0.32211 -0.546559 0.122534
-0.438753 -0.638915 0.41557


-0.438071 -0.478062 -0.0643934
-0.438753 -0.638915 0.41557
-0.32211 -0.546559 0.122534
-0.438071 -0.478062 -0.0643934


-0.533627 -0.550656 0.157117
-0.647867 -0.643109 0.376782
-0.579767 -0.727969 0.62682
-0.533627 -0.550656 0.157117


-0.759865 -0.845326 0.607117
-0.869578 -0.745425 0.277781
-0.842138 -0.902925 0.453196
-0.759865 -0.845326 0.607117


-0.0983333 -1 0.304033
0 -1 1.54593e-31
0 -0.9 2.87094e-31
-0.0983333 -1 0.304033


-0.0655556 -0.866667 0.186285
-0.131111 -0.933333 0.392437
0 -0.9 2.87094e-31
-0.0655556 -0.866667 0.186285


0 -0.8 2.50191e-31
-0.0655556 -0.866667 0.186285
0 -0.9 2.87094e-31
0 -0.8 2.50191e-31


-0.07375 -0.775 0.173182
-0.157333 -0.82 0.404431
-0.0655556 -0.866667 0.186285
-0.07375 -0.775 0.173182


0 -0.8 2.50191e-31
-0.07375 -0.775 0.173182
-0.0655556 -0.866667 0.186285
0 -0.8 2.50191e-31


-0.131111 -0.933333 0.392437
-0.196667 -1 0.579281
-0.0983333 -1 0.304033
-0.131111 -0.933333 0.392437


0 -0.9 2.87094e-31
-0.131111 -0.933333 0.392437
-0.0983333 -1 0.304033
0 -0.9 2.87094e-31


-0.157333 -0.82 0.404431
-0.262222 -0.866667 0.664586
-0.22125 -0.925 0.621429
-0.157333 -0.82 0.404431


0 -0.7 1.77832e-31
-0.0655556 -0.666667 0.102144
-0.07375 -0.775 0.173182
0 -0.7 1.77832e-31


-0.22125 -0.925 0.621429
-0.262222 -0.866667 0.664586
-0.327778 -0.933333 0.83674
-0.22125 -0.925 0.621429


-0.131111 -0.933333 0.392437
-0.22125 -0.925 0.621429
-0.196667 -1 0.579281
-0.131111 -0.933333 0.392437


-0.131111 -0.933333 0.392437
-0.157333 -0.82 0.404431
-0.22125 -0.925 0.621429
-0.131111 -0.933333 0.392437


0 -0.6 9.59194e-32
-0.0655556 -0.666667 0.102144
0 -0.7 1.77832e-31
0 -0.6 9.59194e-32


-0.22125 -0.925 0.621429
-0.295 -1 0.799685
-0.196667 -1 0.579281
-0.22125 -0.925 0.621429


-0.10419 -0.402431 -0.096574
-0.104192 -0.492012 -0.00966235
0 -0.4 -9.62311e-32
-0.10419 -0.402431 -0.096574


-0.104192 -0.31285 -0.176462
-0.10419 -0.402431 -0.096574
0 -0.4 -9.62311e-32
-0.104192 -0.31285 -0.176462


-0.104192 -0.31285 -0.176462
-0.21903 -0.327014 -0.328574
-0.10419 -0.402431 -0.096574
-0.104192 -0.31285 -0.176462


-0.131111 -0.733333 0.265011
-0.0655556 -0.666667 0.102144
-0.140476 -0.642857 0.182944
-0.131111 -0.733333 0.265011


-0.157333 -0.82 0.404431
-0.131111 -0.733333 0.265011
-0.210714 -0.714286 0.382464
-0.157333 -0.82 0.404431


-0.07375 -0.775 0.173182
-0.0655556 -0.666667 0.102144
-0.131111 -0.733333 0.265011
-0.07375 -0.775 0.173182


-0.131111 -0.933333 0.392437
-0.0655556 -0.866667 0.186285
-0.157333 -0.82 0.404431
-0.131111 -0.933333 0.392437


0 -0.8 2.50191e-31
0 -0.7 1.77832e-31
-0.07375 -0.775 0.173182
0 -0.8 2.50191e-31


-0.104192 -0.492012 -0.00966235
0 -0.5 1.58607e-32
0 -0.4 -9.62311e-32
-0.104192 -0.492012 -0.00966235


-0.177829 -0.566943 0.108054
-0.104192 -0.492012 -0.00966235
-0.21903 -0.483208 -0.0358438
-0.177829 -0.566943 0.108054


-0.0702381 -0.571429 0.0476512
0 -0.6 9.59194e-32
0 -0.5 1.58607e-32
-0.0702381 -0.571429 0.0476512


-0.177829 -0.566943 0.108054
-0.0702381 -0.571429 0.0476512
-0.104192 -0.492012 -0.00966235
-0.177829 -0.566943 0.108054


-0.140476 -0.642857 0.182944
-0.0655556 -0.666667 0.102144
-0.0702381 -0.571429 0.0476512
-0.140476 -0.642857 0.182944


-0.327778 -0.933333 0.83674
-0.421429 -0.928571 0.951466
-0.393333 -1 0.944376
-0.327778 -0.933333 0.83674


-0.22125 -0.925 0.621429
-0.327778 -0.933333 0.83674
-0.295 -1 0.799685
-0.22125 -0.925 0.621429


-0.262222 -0.866667 0.664586
-0.35119 -0.857143 0.797484
-0.327778 -0.933333 0.83674
-0.262222 -0.866667 0.664586


-0.210714 -0.714286 0.382464
-0.280952 -0.785714 0.600741
-0.157333 -0.82 0.404431
-0.210714 -0.714286 0.382464


-0.07375 -0.775 0.173182
-0.131111 -0.733333 0.265011
-0.157333 -0.82 0.404431
-0.07375 -0.775 0.173182


-0.21903 -0.483208 -0.0358438
-0.345943 -0.408072 -0.250577
-0.32211 -0.546559 0.122534
-0.21903 -0.483208 -0.0358438


-0.355052 -0.716781 0.560285
-0.39424 -0.794818 0.754198
-0.280952 -0.785714 0.600741
-0.355052 -0.716781 0.560285


-0.177829 -0.566943 0.108054
-0.21903 -0.483208 -0.0358438
-0.251485 -0.621964 0.260659
-0.177829 -0.566943 0.108054


-0.140476 -0.642857 0.182944
-0.177829 -0.566943 0.108054
-0.251485 -0.621964 0.260659
-0.140476 -0.642857 0.182944


-0.140476 -0.642857 0.182944
-0.0702381 -0.571429 0.0476512
-0.177829 -0.566943 0.108054
-0.140476 -0.642857 0.182944


-0.131111 -0.733333 0.265011
-0.140476 -0.642857 0.182944
-0.210714 -0.714286 0.382464
-0.131111 -0.733333 0.265011


-0.0655556 -0.666667 0.102144
0 -0.6 9.59194e-32
-0.0702381 -0.571429 0.0476512
-0.0655556 -0.666667 0.102144


-0.327778 -0.933333 0.83674
-0.393333 -1 0.944376
-0.295 -1 0.799685
-0.327778 -0.933333 0.83674


-0.868465 -0.57255 0.0913287
-0.811467 -0.418934 -0.155921
-1 -0.423333 -9.41593e-32
-0.868465 -0.57255 0.0913287


-0.869578 -0.745425 0.277781
-0.868465 -0.57255 0.0913287
-1 -0.626667 2.36542e-31
-0.869578 -0.745425 0.277781


-0.753956 -0.702452 0.408043
-0.647867 -0.643109 0.376782
-0.868465 -0.57255 0.0913287
-0.753956 -0.702452 0.408043


-0.868465 -0.57255 0.0913287
-0.640898 -0.450864 -0.130331
-0.811467 -0.418934 -0.155921
-0.868465 -0.57255 0.0913287


-0.869578 -0.745425 0.277781
-0.753956 -0.702452 0.408043
-0.868465 -0.57255 0.0913287
-0.869578 -0.745425 0.277781


-1 -0.825714 4.56853e-31
-0.869578 -0.745425 0.277781
-1 -0.626667 2.36542e-31
-1 -0.825714 4.56853e-31


-1 -0.825714 4.56853e-31
-1 -1 2.67089e-31
-0.842138 -0.902925 0.453196
-1 -0.825714 4.56853e-31


-0.672398 -0.914152 0.827996
-0.59 -1 0.960294
-0.567297 -0.914203 0.943696
-0.672398 -0.914152 0.827996


-0.104192 -0.112503 -0.300901
-0.21903 -0.204381 -0.507413
-0.104192 -0.202084 -0.254951
-0.104192 -0.112503 -0.300901


-0.438753 -0.638915 0.41557
-0.533627 -0.550656 0.157117
-0.579767 -0.727969 0.62682
-0.438753 -0.638915 0.41557


-0.345943 -0.408072 -0.250577
-0.438071 -0.478062 -0.0643934
-0.32211 -0.546559 0.122534
-0.345943 -0.408072 -0.250577


-0.640898 -0.450864 -0.130331
-0.647867 -0.643109 0.376782
-0.533627 -0.550656 0.157117
-0.640898 -0.450864 -0.130331


-0.21903 -0.483208 -0.0358438
-0.104192 -0.492012 -0.00966235
-0.10419 -0.402431 -0.096574
-0.21903 -0.483208 -0.0358438


-0.0702381 -0.571429 0.0476512
0 -0.5 1.58607e-32
-0.104192 -0.492012 -0.00966235
-0.0702381 -0.571429 0.0476512


0 -0.4 -9.62311e-32
0 -0.3 -1.74988e-31
-0.104192 -0.31285 -0.176462
0 -0.4 -9.62311e-32


0 -0.2 -2.47911e-31
-0.104192 -0.202084 -0.254951
0 -0.3 -1.74988e-31
0 -0.2 -2.47911e-31


-0.868465 -0.57255 0.0913287
-1 -0.423333 -9.41593e-32
-1 -0.626667 2.36542e-31
-0.868465 -0.57255 0.0913287


-0.640898 -0.313886 -0.493868
-0.48624 -0.158349 -0.881078
-0.640898 -0.176908 -0.749961
-0.640898 -0.313886 -0.493868


-0.811467 -0.235083 -0.401849
-1 -0.423333 -9.41593e-32
-0.811467 -0.418934 -0.155921
-0.811467 -0.235083 -0.401849


-0.104192 -0.112503 -0.300901
0 -0.2 -2.47911e-31
0 -0.1 -2.90117e-31
-0.104192 -0.112503 -0.300901


0 -0.1 -2.90117e-31
-0.10419 -0.0017365 -0.320232
-0.104192 -0.112503 -0.300901
0 -0.1 -2.90117e-31


-0.21903 -0.327014 -0.328574
-0.21903 -0.483208 -0.0358438
-0.10419 -0.402431 -0.096574
-0.21903 -0.327014 -0.328574


1 0 1.22465e-16
1 0.0983333 2.81348e-31
0.9 0 0.309017
1 0 1.22465e-16


0.866667 0.327778 0.21139
0.925 0.22125 0.179838
1 0.295 1.93818e-31
0.866667 0.327778 0.21139


0.82 0.157333 0.471371
0.9 0.1475 0.276336
0.925 0.22125 0.179838
0.82 0.157333 0.471371


0.714286 0.210714 0.620646
0.82 0.157333 0.471371
0.8 0.245833 0.419902
0.714286 0.210714 0.620646


0.714286 0.210714 0.620646
0.733333 0.131111 0.673939
0.82 0.157333 0.471371
0.714286 0.210714 0.620646


0.748122 0.333256 0.35426
0.725936 0.437347 0.15088
0.617666 0.339285 0.45903
0.748122 0.333256 0.35426


0.604407 0.214668 0.739486
0.571429 0.0702381 0.947163
0.666667 0.0819444 0.839306
0.604407 0.214668 0.739486


0.617666 0.339285 0.45903
0.604407 0.214668 0.739486
0.714286 0.210714 0.620646
0.617666 0.339285 0.45903


0.8 0.245833 0.419902
0.748122 0.333256 0.35426
0.714286 0.210714 0.620646
0.8 0.245833 0.419902


0.587552 0.448675 0.157218
0.473477 0.345949 0.464756
0.617666 0.339285 0.45903
0.587552 0.448675 0.157218


0.483208 0.21903 0.771015
0.492012 0.104192 0.947304
0.604407 0.214668 0.739486
0.483208 0.21903 0.771015


0.666667 0.0819444 0.839306
0.775 0.07375 0.630752
0.733333 0.131111 0.673939
0.666667 0.0819444 0.839306


0.775 0.07375 0.630752
0.866667 0.0655556 0.398413
0.82 0.157333 0.471371
0.775 0.07375 0.630752


0.866667 0.0655556 0.398413
1 0.0983333 2.81348e-31
0.9 0.1475 0.276336
0.866667 0.0655556 0.398413


0.9 0.1475 0.276336
1 0.0983333 2.81348e-31
1 0.196667 2.44589e-31
0.9 0.1475 0.276336


0.925 0.22125 0.179838
0.9 0.1475 0.276336
1 0.196667 2.44589e-31
0.925 0.22125 0.179838


1 0.295 1.93818e-31
0.925 0.22125 0.179838
1 0.196667 2.44589e-31
1 0.295 1.93818e-31


0.866667 0.327778 0.21139
0.8 0.245833 0.419902
0.925 0.22125 0.179838
0.866667 0.327778 0.21139


0.866667 0.0655556 0.398413
0.9 0 0.309017
1 0.0983333 2.81348e-31
0.866667 0.0655556 0.398413


0.82 0.157333 0.471371
0.866667 0.0655556 0.398413
0.9 0.1475 0.276336
0.82 0.157333 0.471371


0.714286 0.210714 0.620646
0.604407 0.214668 0.739486
0.666667 0.0819444 0.839306
0.714286 0.210714 0.620646


0.7 0 0.809017
0.8 0 0.587785
0.775 0.07375 0.630752
0.7 0 0.809017


0.8 0 0.587785
0.9 0 0.309017
0.866667 0.0655556 0.398413
0.8 0 0.587785


0.866667 0.327778 0.21139
1 0.295 1.93818e-31
1 0.393333 8.49572e-32
0.866667 0.327778 0.21139


0.866667 0.0655556 0.398413
0.775 0.07375 0.630752
0.8 0 0.587785
0.866667 0.0655556 0.398413


0.914202 0.567298 -0.0549761
1 0.491667 1.49295e-32
1 0.59 -8.19227e-32
0.914202 0.567298 -0.0549761


1 0.688333 -1.59367e-31
0.914151 0.6724 -0.139134
1 0.59 -8.19227e-32
1 0.688333 -1.59367e-31


0.834274 0.535195 -0.0487494
0.851194 0.426851 0.102578
0.928571 0.421429 0.0605188
0.834274 0.535195 -0.0487494


0.643107 0.647869 -0.393808
0.701626 0.551401 -0.124116
0.8157 0.654127 -0.252972
0.643107 0.647869 -0.393808


0.725936 0.437347 0.15088
0.587552 0.448675 0.157218
0.617666 0.339285 0.45903
0.725936 0.437347 0.15088


0.851194 0.426851 0.102578
0.725936 0.437347 0.15088
0.748122 0.333256 0.35426
0.851194 0.426851 0.102578


0.701626 0.551401 -0.124116
0.587552 0.448675 0.157218
0.725936 0.437347 0.15088
0.701626 0.551401 -0.124116


0.8157 0.654127 -0.252972
0.701626 0.551401 -0.124116
0.834274 0.535195 -0.0487494
0.8157 0.654127 -0.252972


0.643107 0.647869 -0.393808
0.522667 0.539922 -0.120691
0.701626 0.551401 -0.124116
0.643107 0.647869 -0.393808


0.7 0 0.809017
0.775 0.07375 0.630752
0.666667 0.0819444 0.839306
0.7 0 0.809017


0.928571 0.421429 0.0605188
1 0.491667 1.49295e-32
0.914202 0.567298 -0.0549761
0.928571 0.421429 0.0605188


0.725936 0.437347 0.15088
0.834274 0.535195 -0.0487494
0.701626 0.551401 -0.124116
0.725936 0.437347 0.15088


0.866667 0.327778 0.21139
1 0.393333 8.49572e-32
0.928571 0.421429 0.0605188
0.866667 0.327778 0.21139


0.666667 0.0819444 0.839306
0.6 0 0.951057
0.7 0 0.809017
0.666667 0.0819444 0.839306


0.666667 0.0819444 0.839306
0.571429 0.0702381 0.947163
0.6 0 0.951057
0.666667 0.0819444 0.839306


0.82 0.157333 0.471371
0.733333 0.131111 0.673939
0.775 0.07375 0.630752
0.82 0.157333 0.471371


0.733333 0.131111 0.673939
0.714286 0.210714 0.620646
0.666667 0.0819444 0.839306
0.733333 0.131111 0.673939


0.492012 0.104192 0.947304
0.402431 0.10419 0.901833
0.4 0 0.951057
0.492012 0.104192 0.947304


0.604407 0.214668 0.739486
0.492012 0.104192 0.947304
0.571429 0.0702381 0.947163
0.604407 0.214668 0.739486


0.483208 0.21903 0.771015
0.402431 0.10419 0.901833
0.492012 0.104192 0.947304
0.483208 0.21903 0.771015


1 1 -1.71129e-31
0.825714 1 -0.520584
0.902927 0.842137 -0.263846
1 1 -1.71129e-31


0.745425 0.869578 -0.654205
0.902927 0.842137 -0.263846
0.825714 1 -0.520584
0.745425 0.869578 -0.654205


0.825714 1 -0.520584
0.626667 1 -0.921863
0.745425 0.869578 -0.654205
0.825714 1 -0.520584


0.902927 0.842137 -0.263846
1 0.786667 -2.43534e-31
1 0.885 -2.89922e-31
0.902927 0.842137 -0.263846


1 1 -1.71129e-31
0.902927 0.842137 -0.263846
1 0.885 -2.89922e-31
1 1 -1.71129e-31


0.914151 0.6724 -0.139134
0.8157 0.654127 -0.252972
0.914202 0.567298 -0.0549761
0.914151 0.6724 -0.139134


1 0.786667 -2.43534e-31
0.914151 0.6724 -0.139134
1 0.688333 -1.59367e-31
1 0.786667 -2.43534e-31


0.845326 0.759865 -0.339345
0.8157 0.654127 -0.252972
0.914151 0.6724 -0.139134
0.845326 0.759865 -0.339345


0.745425 0.869578 -0.654205
0.845326 0.759865 -0.339345
0.902927 0.842137 -0.263846
0.745425 0.869578 -0.654205


0.745425 0.869578 -0.654205
0.572552 0.868463 -0.885387
0.702456 0.753952 -0.568602
0.745425 0.869578 -0.654205


1 0.786667 -2.43534e-31
0.845326 0.759865 -0.339345
0.914151 0.6724 -0.139134
1 0.786667 -2.43534e-31


1 0.786667 -2.43534e-31
0.902927 0.842137 -0.263846
0.845326 0.759865 -0.339345
1 0.786667 -2.43534e-31


0.437788 0.811464 -0.80111
0.423333 1 -0.971134
0.216229 0.811467 -0.52786
0.437788 0.811464 -0.80111


0.914151 0.6724 -0.139134
0.914202 0.567298 -0.0549761
1 0.59 -8.19227e-32
0.914151 0.6724 -0.139134


0.745425 0.869578 -0.654205
0.702456 0.753952 -0.568602
0.845326 0.759865 -0.339345
0.745425 0.869578 -0.654205


0.617666 0.339285 0.45903
0.473477 0.345949 0.464756
0.483208 0.21903 0.771015
0.617666 0.339285 0.45903


0.702456 0.753952 -0.568602
0.643107 0.647869 -0.393808
0.8157 0.654127 -0.252972
0.702456 0.753952 -0.568602


0.522667 0.539922 -0.120691
0.35997 0.48624 0.0384693
0.473477 0.345949 0.464756
0.522667 0.539922 -0.120691


0.701626 0.551401 -0.124116
0.522667 0.539922 -0.120691
0.587552 0.448675 0.157218
0.701626 0.551401 -0.124116


0.450864 0.640898 -0.411264
0.35997 0.48624 0.0384693
0.522667 0.539922 -0.120691
0.450864 0.640898 -0.411264


0.202084 0.10419 0.557052
0.282478 0.21903 0.595191
0.126284 0.21903 0.300035
0.202084 0.10419 0.557052


0.4 0 0.951057
0.402431 0.10419 0.901833
0.3 0 0.809017
0.4 0 0.951057


0.282478 0.21903 0.595191
0.206919 0.345943 0.283817
0.126284 0.21903 0.300035
0.282478 0.21903 0.595191


0.402431 0.10419 0.901833
0.382843 0.21903 0.719726
0.291665 0.104192 0.748569
0.402431 0.10419 0.901833


0.382843 0.21903 0.719726
0.473477 0.345949 0.464756
0.342667 0.345949 0.399696
0.382843 0.21903 0.719726


0.851194 0.426851 0.102578
0.748122 0.333256 0.35426
0.866667 0.327778 0.21139
0.851194 0.426851 0.102578


0.914202 0.567298 -0.0549761
0.834274 0.535195 -0.0487494
0.928571 0.421429 0.0605188
0.914202 0.567298 -0.0549761


0.914202 0.567298 -0.0549761
0.8157 0.654127 -0.252972
0.834274 0.535195 -0.0487494
0.914202 0.567298 -0.0549761


0.82 0.157333 0.471371
0.925 0.22125 0.179838
0.8 0.245833 0.419902
0.82 0.157333 0.471371


1 0.393333 8.49572e-32
1 0.491667 1.49295e-32
0.928571 0.421429 0.0605188
1 0.393333 8.49572e-32


0.032378 0.811464 -0.0950922
0.22 1 -0.637424
0.0166667 1 -0.052336
0.032378 0.811464 -0.0950922


0.313886 0.640898 -0.350553
0.450864 0.640898 -0.411264
0.437788 0.811464 -0.80111
0.313886 0.640898 -0.350553


0.158349 0.48624 0.0123535
0.313886 0.640898 -0.350553
0.176908 0.640898 -0.23131
0.158349 0.48624 0.0123535


0.35997 0.48624 0.0384693
0.450864 0.640898 -0.411264
0.313886 0.640898 -0.350553
0.35997 0.48624 0.0384693


0.437788 0.811464 -0.80111
0.572552 0.868463 -0.885387
0.423333 1 -0.971134
0.437788 0.811464 -0.80111


0.313886 0.640898 -0.350553
0.437788 0.811464 -0.80111
0.216229 0.811467 -0.52786
0.313886 0.640898 -0.350553


0.545721 0.725464 -0.634108
0.643107 0.647869 -0.393808
0.702456 0.753952 -0.568602
0.545721 0.725464 -0.634108


0.450864 0.640898 -0.411264
0.545721 0.725464 -0.634108
0.437788 0.811464 -0.80111
0.450864 0.640898 -0.411264


0.450864 0.640898 -0.411264
0.522667 0.539922 -0.120691
0.545721 0.725464 -0.634108
0.450864 0.640898 -0.411264


0.216229 0.811467 -0.52786
0.423333 1 -0.971134
0.22 1 -0.637424
0.216229 0.811467 -0.52786


0.6 0 0.951057
0.571429 0.0702381 0.947163
0.5 0 1
0.6 0 0.951057


0.571429 0.0702381 0.947163
0.492012 0.104192 0.947304
0.5 0 1
0.571429 0.0702381 0.947163


0.032378 0.811464 -0.0950922
0.216229 0.811467 -0.52786
0.22 1 -0.637424
0.032378 0.811464 -0.0950922


-0.186667 1 0.553392
-0.151474 0.811467 0.374203
0.0166667 1 -0.052336
-0.186667 1 0.553392


0.0106816 0.640898 -0.0213983
0.00810399 0.48624 0.00544839
0.158349 0.48624 0.0123535
0.0106816 0.640898 -0.0213983


-0.151474 0.811467 0.374203
-0.119635 0.640903 0.157154
0.032378 0.811464 -0.0950922
-0.151474 0.811467 0.374203


-0.119635 0.640903 0.157154
-0.24995 0.640898 0.307145
-0.189633 0.48624 -0.0177408
-0.119635 0.640903 0.157154


0.032378 0.811464 -0.0950922
-0.119635 0.640903 0.157154
0.0106816 0.640898 -0.0213983
0.032378 0.811464 -0.0950922


-0.151474 0.811467 0.374203
-0.24995 0.640898 0.307145
-0.119635 0.640903 0.157154
-0.151474 0.811467 0.374203


0.0106816 0.640898 -0.0213983
0.158349 0.48624 0.0123535
0.176908 0.640898 -0.23131
0.0106816 0.640898 -0.0213983


-0.064576 0.345943 -0.0930265
0.00810399 0.48624 0.00544839
-0.189633 0.48624 -0.0177408
-0.064576 0.345943 -0.0930265


0.0711709 0.345949 0.104033
0.158349 0.48624 0.0123535
0.00810399 0.48624 0.00544839
0.0711709 0.345949 0.104033


0.202084 0.10419 0.557052
0.291665 0.104192 0.748569
0.282478 0.21903 0.595191
0.202084 0.10419 0.557052


0.2 0 0.587785
0.202084 0.10419 0.557052
0.112503 0.104192 0.327901
0.2 0 0.587785


0.2 0 0.587785
0.291665 0.104192 0.748569
0.202084 0.10419 0.557052
0.2 0 0.587785


0.176908 0.640898 -0.23131
0.313886 0.640898 -0.350553
0.216229 0.811467 -0.52786
0.176908 0.640898 -0.23131


0.382843 0.21903 0.719726
0.483208 0.21903 0.771015
0.473477 0.345949 0.464756
0.382843 0.21903 0.719726


0.282478 0.21903 0.595191
0.382843 0.21903 0.719726
0.342667 0.345949 0.399696
0.282478 0.21903 0.595191


0.282478 0.21903 0.595191
0.291665 0.104192 0.748569
0.382843 0.21903 0.719726
0.282478 0.21903 0.595191


0.473477 0.345949 0.464756
0.587552 0.448675 0.157218
0.522667 0.539922 -0.120691
0.473477 0.345949 0.464756


0.342667 0.345949 0.399696
0.473477 0.345949 0.464756
0.35997 0.48624 0.0384693
0.342667 0.345949 0.399696


0.206919 0.345943 0.283817
0.342667 0.345949 0.399696
0.35997 0.48624 0.0384693
0.206919 0.345943 0.283817


0.206919 0.345943 0.283817
0.282478 0.21903 0.595191
0.342667 0.345949 0.399696
0.206919 0.345943 0.283817


0.483208 0.21903 0.771015
0.604407 0.214668 0.739486
0.617666 0.339285 0.45903
0.483208 0.21903 0.771015


0.572552 0.868463 -0.885387
0.745425 0.869578 -0.654205
0.626667 1 -0.921863
0.572552 0.868463 -0.885387


0.423333 1 -0.971134
0.572552 0.868463 -0.885387
0.626667 1 -0.921863
0.423333 1 -0.971134


0.702456 0.753952 -0.568602
0.8157 0.654127 -0.252972
0.845326 0.759865 -0.339345
0.702456 0.753952 -0.568602


0.437788 0.811464 -0.80111
0.545721 0.725464 -0.634108
0.572552 0.868463 -0.885387
0.437788 0.811464 -0.80111


0.851194 0.426851 0.102578
0.834274 0.535195 -0.0487494
0.725936 0.437347 0.15088
0.851194 0.426851 0.102578


0.572552 0.868463 -0.885387
0.545721 0.725464 -0.634108
0.702456 0.753952 -0.568602
0.572552 0.868463 -0.885387


0.545721 0.725464 -0.634108
0.522667 0.539922 -0.120691
0.643107 0.647869 -0.393808
0.545721 0.725464 -0.634108


0.206919 0.345943 0.283817
0.35997 0.48624 0.0384693
0.158349 0.48624 0.0123535
0.206919 0.345943 0.283817


0.748122 0.333256 0.35426
0.617666 0.339285 0.45903
0.714286 0.210714 0.620646
0.748122 0.333256 0.35426


0.866667 0.327778 0.21139
0.748122 0.333256 0.35426
0.8 0.245833 0.419902
0.866667 0.327778 0.21139


0.866667 0.327778 0.21139
0.928571 0.421429 0.0605188
0.851194 0.426851 0.102578
0.866667 0.327778 0.21139


0.492012 0.104192 0.947304
0.4 0 0.951057
0.5 0 1
0.492012 0.104192 0.947304


0.382843 0.21903 0.719726
0.402431 0.10419 0.901833
0.483208 0.21903 0.771015
0.382843 0.21903 0.719726


0.291665 0.104192 0.748569
0.3 0 0.809017
0.402431 0.10419 0.901833
0.291665 0.104192 0.748569


0.2 0 0.587785
0.3 0 0.809017
0.291665 0.104192 0.748569
0.2 0 0.587785


-0.316471 0.811464 0.699785
-0.5425 0.8475 0.881423
-0.461582 0.666625 0.496894
-0.316471 0.811464 0.699785


-0.151474 0.811467 0.374203
-0.316471 0.811464 0.699785
-0.24995 0.640898 0.307145
-0.151474 0.811467 0.374203


-0.39 1 0.940881
-0.5425 0.8475 0.881423
-0.316471 0.811464 0.699785
-0.39 1 0.940881


0.2 0 0.587785
0.112503 0.104192 0.327901
0.1 0 0.309017
0.2 0 0.587785


-0.151474 0.811467 0.374203
0.032378 0.811464 -0.0950922
0.0166667 1 -0.052336
-0.151474 0.811467 0.374203


-0.39 1 0.940881
-0.316471 0.811464 0.699785
-0.186667 1 0.553392
-0.39 1 0.940881


-0.119635 0.640903 0.157154
-0.189633 0.48624 -0.0177408
0.00810399 0.48624 0.00544839
-0.119635 0.640903 0.157154


0.1 0 0.309017
0.112503 0.104192 0.327901
0 0 -1.49882e-31
0.1 0 0.309017


-0.461582 0.666625 0.496894
-0.695 0.695 0.472026
-0.666628 0.461583 -0.109998
-0.461582 0.666625 0.496894


-0.523535 0.293375 -0.594808
-0.409913 0.335412 -0.471425
-0.493447 0.47409 -0.0807891
-0.523535 0.293375 -0.594808


-0.486246 0.189636 -0.830733
-0.523535 0.293375 -0.594808
-0.640903 0.249952 -0.638446
-0.486246 0.189636 -0.830733


-0.486246 0.189636 -0.830733
-0.409913 0.335412 -0.471425
-0.523535 0.293375 -0.594808
-0.486246 0.189636 -0.830733


-0.24995 0.640898 0.307145
-0.316471 0.811464 0.699785
-0.461582 0.666625 0.496894
-0.24995 0.640898 0.307145


0.0711709 0.345949 0.104033
0.206919 0.345943 0.283817
0.158349 0.48624 0.0123535
0.0711709 0.345949 0.104033


-0.064576 0.345943 -0.0930265
0.0711709 0.345949 0.104033
0.00810399 0.48624 0.00544839
-0.064576 0.345943 -0.0930265


-0.210465 0.20986 -0.473627
-0.219026 0.0854201 -0.607556
-0.12765 0.0950352 -0.367556
-0.210465 0.20986 -0.473627


-0.064576 0.345943 -0.0930265
-0.200388 0.343559 -0.275346
-0.0854216 0.21903 -0.20337
-0.064576 0.345943 -0.0930265


-0.343797 0.200082 -0.704001
-0.219026 0.0854201 -0.607556
-0.210465 0.20986 -0.473627
-0.343797 0.200082 -0.704001


-0.064576 0.345943 -0.0930265
-0.189633 0.48624 -0.0177408
-0.200388 0.343559 -0.275346
-0.064576 0.345943 -0.0930265


-0.486246 0.189636 -0.830733
-0.345949 0.0645772 -0.864252
-0.343797 0.200082 -0.704001
-0.486246 0.189636 -0.830733


-0.064576 0.345943 -0.0930265
0.00365049 0.21903 0.00882398
0.0711709 0.345949 0.104033
-0.064576 0.345943 -0.0930265


0.00365049 0.21903 0.00882398
0.112503 0.104192 0.327901
0.126284 0.21903 0.300035
0.00365049 0.21903 0.00882398


0 0 -1.49882e-31
-0.0406347 0.104192 -0.118748
-0.10419 -0.0017365 -0.320232
0 0 -1.49882e-31


0.126284 0.21903 0.300035
0.206919 0.345943 0.283817
0.0711709 0.345949 0.104033
0.126284 0.21903 0.300035


-0.064576 0.345943 -0.0930265
-0.0854216 0.21903 -0.20337
0.00365049 0.21903 0.00882398
-0.064576 0.345943 -0.0930265


0.112503 0.104192 0.327901
0.202084 0.10419 0.557052
0.126284 0.21903 0.300035
0.112503 0.104192 0.327901


