0 0 0
0.1 0 0
0.1 0.1 0.0954915
0 0 0


0 0 0
0.1 0.1 0.0954915
0 0.1 0
0 0 0


0.1 0 0
0.2 0 0
0.2 0.1 0.181636
0.1 0 0


0.1 0 0
0.2 0.1 0.181636
0.1 0.1 0.0954915
0.1 0 0


0.2 0 0
0.3 0 0
0.3 0.1 0.25
0.2 0 0


0.2 0 0
0.3 0.1 0.25
0.2 0.1 0.181636
0.2 0 0


0.3 0 0
0.4 0 0
0.4 0.1 0.293893
0.3 0 0


0.3 0 0
0.4 0.1 0.293893
0.3 0.1 0.25
0.3 0 0


0.4 0 0
0.5 0 0
0.5 0.1 0.309017
0.4 0 0


0.4 0 0
0.5 0.1 0.309017
0.4 0.1 0.293893
0.4 0 0


0.5 0 0
0.6 0 0
0.6 0.1 0.293893
0.5 0 0


0.5 0 0
0.6 0.1 0.293893
0.5 0.1 0.309017
0.5 0 0


0.6 0 0
0.7 0 0
0.7 0.1 0.25
0.6 0 0


0.6 0 0
0.7 0.1 0.25
0.6 0.1 0.293893
0.6 0 0


0.7 0 0
0.8 0 0
0.8 0.1 0.181636
0.7 0 0


0.7 0 0
0.8 0.1 0.181636
0.7 0.1 0.25
0.7 0 0


0.8 0 0
0.9 0 0
0.9 0.1 0.0954915
0.8 0 0


0.8 0 0
0.9 0.1 0.0954915
0.8 0.1 0.181636
0.8 0 0


0.9 0 0
1 0 0
1 0.1 3.78437e-17
0.9 0 0


0.9 0 0
1 0.1 3.78437e-17
0.9 0.1 0.0954915
0.9 0 0


0 0.1 0
0.1 0.1 0.0954915
0.1 0.2 0.181636
0 0.1 0


0 0.1 0
0.1 0.2 0.181636
0 0.2 0
0 0.1 0


0.1 0.1 0.0954915
0.2 0.1 0.181636
0.2 0.2 0.345492
0.1 0.1 0.0954915


0.1 0.1 0.0954915
0.2 0.2 0.345492
0.1 0.2 0.181636
0.1 0.1 0.0954915


0.2 0.1 0.181636
0.3 0.1 0.25
0.3 0.2 0.475528
0.2 0.1 0.181636


0.2 0.1 0.181636
0.3 0.2 0.475528
0.2 0.2 0.345492
0.2 0.1 0.181636


0.3 0.1 0.25
0.4 0.1 0.293893
0.4 0.2 0.559017
0.3 0.1 0.25


0.3 0.1 0.25
0.4 0.2 0.559017
0.3 0.2 0.475528
0.3 0.1 0.25


0.4 0.1 0.293893
0.5 0.1 0.309017
0.5 0.2 0.587785
0.4 0.1 0.293893


0.4 0.1 0.293893
0.5 0.2 0.587785
0.4 0.2 0.559017
0.4 0.1 0.293893


0.5 0.1 0.309017
0.6 0.1 0.293893
0.6 0.2 0.559017
0.5 0.1 0.309017


0.5 0.1 0.309017
0.6 0.2 0.559017
0.5 0.2 0.587785
0.5 0.1 0.309017


0.6 0.1 0.293893
0.7 0.1 0.25
0.7 0.2 0.475528
0.6 0.1 0.293893


0.6 0.1 0.293893
0.7 0.2 0.475528
0.6 0.2 0.559017
0.6 0.1 0.293893


0.7 0.1 0.25
0.8 0.1 0.181636
0.8 0.2 0.345492
0.7 0.1 0.25


0.7 0.1 0.25
0.8 0.2 0.345492
0.7 0.2 0.475528
0.7 0.1 0.25


0.8 0.1 0.181636
0.9 0.1 0.0954915
0.9 0.2 0.181636
0.8 0.1 0.181636


0.8 0.1 0.181636
0.9 0.2 0.181636
0.8 0.2 0.345492
0.8 0.1 0.181636


0.9 0.1 0.0954915
1 0.1 3.78437e-17
1 0.2 7.19829e-17
0.9 0.1 0.0954915


0.9 0.1 0.0954915
1 0.2 7.19829e-17
0.9 0.2 0.181636
0.9 0.1 0.0954915


0 0.2 0
0.1 0.2 0.181636
0.1 0.3 0.25
0 0.2 0


0 0.2 0
0.1 0.3 0.25
0 0.3 0
0 0.2 0


0.1 0.2 0.181636
0.2 0.2 0.345492
0.2 0.3 0.475528
0.1 0.2 0.181636


0.1 0.2 0.181636
0.2 0.3 0.475528
0.1 0.3 0.25
0.1 0.2 0.181636


0.2 0.2 0.345492
0.3 0.2 0.475528
0.3 0.3 0.654508
0.2 0.2 0.345492


0.2 0.2 0.345492
0.3 0.3 0.654508
0.2 0.3 0.475528
0.2 0.2 0.345492


0.3 0.2 0.475528
0.4 0.2 0.559017
0.4 0.3 0.769421
0.3 0.2 0.475528


0.3 0.2 0.475528
0.4 0.3 0.769421
0.3 0.3 0.654508
0.3 0.2 0.475528


0.4 0.2 0.559017
0.5 0.2 0.587785
0.5 0.3 0.809017
0.4 0.2 0.559017


0.4 0.2 0.559017
0.5 0.3 0.809017
0.4 0.3 0.769421
0.4 0.2 0.559017


0.5 0.2 0.587785
0.6 0.2 0.559017
0.6 0.3 0.769421
0.5 0.2 0.587785


0.5 0.2 0.587785
0.6 0.3 0.769421
0.5 0.3 0.809017
0.5 0.2 0.587785


0.6 0.2 0.559017
0.7 0.2 0.475528
0.7 0.3 0.654508
0.6 0.2 0.559017


0.6 0.2 0.559017
0.7 0.3 0.654508
0.6 0.3 0.769421
0.6 0.2 0.559017


0.7 0.2 0.475528
0.8 0.2 0.345492
0.8 0.3 0.475528
0.7 0.2 0.475528


0.7 0.2 0.475528
0.8 0.3 0.475528
0.7 0.3 0.654508
0.7 0.2 0.475528


0.8 0.2 0.345492
0.9 0.2 0.181636
0.9 0.3 0.25
0.8 0.2 0.345492


0.8 0.2 0.345492
0.9 0.3 0.25
0.8 0.3 0.475528
0.8 0.2 0.345492


0.9 0.2 0.181636
1 0.2 7.19829e-17
1 0.3 9.9076e-17
0.9 0.2 0.181636


0.9 0.2 0.181636
1 0.3 9.9076e-17
0.9 0.3 0.25
0.9 0.2 0.181636


0 0.3 0
0.1 0.3 0.25
0.1 0.4 0.293893
0 0.3 0


0 0.3 0
0.1 0.4 0.293893
0 0.4 0
0 0.3 0


0.1 0.3 0.25
0.2 0.3 0.475528
0.2 0.4 0.559017
0.1 0.3 0.25


0.1 0.3 0.25
0.2 0.4 0.559017
0.1 0.4 0.293893
0.1 0.3 0.25


0.2 0.3 0.475528
0.3 0.3 0.654508
0.3 0.4 0.769421
0.2 0.3 0.475528


0.2 0.3 0.475528
0.3 0.4 0.769421
0.2 0.4 0.559017
0.2 0.3 0.475528


0.3 0.3 0.654508
0.4 0.3 0.769421
0.4 0.4 0.904508
0.3 0.3 0.654508


0.3 0.3 0.654508
0.4 0.4 0.904508
0.3 0.4 0.769421
0.3 0.3 0.654508


0.4 0.3 0.769421
0.5 0.3 0.809017
0.5 0.4 0.951057
0.4 0.3 0.769421


0.4 0.3 0.769421
0.5 0.4 0.951057
0.4 0.4 0.904508
0.4 0.3 0.769421


0.5 0.3 0.809017
0.6 0.3 0.769421
0.6 0.4 0.904508
0.5 0.3 0.809017


0.5 0.3 0.809017
0.6 0.4 0.904508
0.5 0.4 0.951057
0.5 0.3 0.809017


0.6 0.3 0.769421
0.7 0.3 0.654508
0.7 0.4 0.769421
0.6 0.3 0.769421


0.6 0.3 0.769421
0.7 0.4 0.769421
0.6 0.4 0.904508
0.6 0.3 0.769421


0.7 0.3 0.654508
0.8 0.3 0.475528
0.8 0.4 0.559017
0.7 0.3 0.654508


0.7 0.3 0.654508
0.8 0.4 0.559017
0.7 0.4 0.769421
0.7 0.3 0.654508


0.8 0.3 0.475528
0.9 0.3 0.25
0.9 0.4 0.293893
0.8 0.3 0.475528


0.8 0.3 0.475528
0.9 0.4 0.293893
0.8 0.4 0.559017
0.8 0.3 0.475528


0.9 0.3 0.25
1 0.3 9.9076e-17
1 0.4 1.16471e-16
0.9 0.3 0.25


0.9 0.3 0.25
1 0.4 1.16471e-16
0.9 0.4 0.293893
0.9 0.3 0.25


0 0.4 0
0.1 0.4 0.293893
0.1 0.5 0.309017
0 0.4 0


0 0.4 0
0.1 0.5 0.309017
0 0.5 0
0 0.4 0


0.1 0.4 0.293893
0.2 0.4 0.559017
0.2 0.5 0.587785
0.1 0.4 0.293893


0.1 0.4 0.293893
0.2 0.5 0.587785
0.1 0.5 0.309017
0.1 0.4 0.293893


0.2 0.4 0.559017
0.3 0.4 0.769421
0.3 0.5 0.809017
0.2 0.4 0.559017


0.2 0.4 0.559017
0.3 0.5 0.809017
0.2 0.5 0.587785
0.2 0.4 0.559017


0.3 0.4 0.769421
0.4 0.4 0.904508
0.4 0.5 0.951057
0.3 0.4 0.769421


0.3 0.4 0.769421
0.4 0.5 0.951057
0.3 0.5 0.809017
0.3 0.4 0.769421


0.4 0.4 0.904508
0.5 0.4 0.951057
0.5 0.5 1
0.4 0.4 0.904508


0.4 0.4 0.904508
0.5 0.5 1
0.4 0.5 0.951057
0.4 0.4 0.904508


0.5 0.4 0.951057
0.6 0.4 0.904508
0.6 0.5 0.951057
0.5 0.4 0.951057


0.5 0.4 0.951057
0.6 0.5 0.951057
0.5 0.5 1
0.5 0.4 0.951057


0.6 0.4 0.904508
0.7 0.4 0.769421
0.7 0.5 0.809017
0.6 0.4 0.904508


0.6 0.4 0.904508
0.7 0.5 0.809017
0.6 0.5 0.951057
0.6 0.4 0.904508


0.7 0.4 0.769421
0.8 0.4 0.559017
0.8 0.5 0.587785
0.7 0.4 0.769421


0.7 0.4 0.769421
0.8 0.5 0.587785
0.7 0.5 0.809017
0.7 0.4 0.769421


0.8 0.4 0.559017
0.9 0.4 0.293893
0.9 0.5 0.309017
0.8 0.4 0.559017


0.8 0.4 0.559017
0.9 0.5 0.309017
0.8 0.5 0.587785
0.8 0.4 0.559017


0.9 0.4 0.293893
1 0.4 1.16471e-16
1 0.5 1.22465e-16
0.9 0.4 0.293893


0.9 0.4 0.293893
1 0.5 1.22465e-16
0.9 0.5 0.309017
0.9 0.4 0.293893


0 0.5 0
0.1 0.5 0.309017
0.1 0.6 0.293893
0 0.5 0


0 0.5 0
0.1 0.6 0.293893
0 0.6 0
0 0.5 0


0.1 0.5 0.309017
0.2 0.5 0.587785
0.2 0.6 0.559017
0.1 0.5 0.309017


0.1 0.5 0.309017
0.2 0.6 0.559017
0.1 0.6 0.293893
0.1 0.5 0.309017


0.2 0.5 0.587785
0.3 0.5 0.809017
0.3 0.6 0.769421
0.2 0.5 0.587785


0.2 0.5 0.587785
0.3 0.6 0.769421
0.2 0.6 0.559017
0.2 0.5 0.587785


0.3 0.5 0.809017
0.4 0.5 0.951057
0.4 0.6 0.904508
0.3 0.5 0.809017


0.3 0.5 0.809017
0.4 0.6 0.904508
0.3 0.6 0.769421
0.3 0.5 0.809017


0.4 0.5 0.951057
0.5 0.5 1
0.5 0.6 0.951057
0.4 0.5 0.951057


0.4 0.5 0.951057
0.5 0.6 0.951057
0.4 0.6 0.904508
0.4 0.5 0.951057


0.5 0.5 1
0.6 0.5 0.951057
0.6 0.6 0.904508
0.5 0.5 1


0.5 0.5 1
0.6 0.6 0.904508
0.5 0.6 0.951057
0.5 0.5 1


0.6 0.5 0.951057
0.7 0.5 0.809017
0.7 0.6 0.769421
0.6 0.5 0.951057


0.6 0.5 0.951057
0.7 0.6 0.769421
0.6 0.6 0.904508
0.6 0.5 0.951057


0.7 0.5 0.809017
0.8 0.5 0.587785
0.8 0.6 0.559017
0.7 0.5 0.809017


0.7 0.5 0.809017
0.8 0.6 0.559017
0.7 0.6 0.769421
0.7 0.5 0.809017


0.8 0.5 0.587785
0.9 0.5 0.309017
0.9 0.6 0.293893
0.8 0.5 0.587785


0.8 0.5 0.587785
0.9 0.6 0.293893
0.8 0.6 0.559017
0.8 0.5 0.587785


0.9 0.5 0.309017
1 0.5 1.22465e-16
1 0.6 1.16471e-16
0.9 0.5 0.309017


0.9 0.5 0.309017
1 0.6 1.16471e-16
0.9 0.6 0.293893
0.9 0.5 0.309017


0 0.6 0
0.1 0.6 0.293893
0.1 0.7 0.25
0 0.6 0


0 0.6 0
0.1 0.7 0.25
0 0.7 0
0 0.6 0


0.1 0.6 0.293893
0.2 0.6 0.559017
0.2 0.7 0.475528
0.1 0.6 0.293893


0.1 0.6 0.293893
0.2 0.7 0.475528
0.1 0.7 0.25
0.1 0.6 0.293893


0.2 0.6 0.559017
0.3 0.6 0.769421
0.3 0.7 0.654508
0.2 0.6 0.559017


0.2 0.6 0.559017
0.3 0.7 0.654508
0.2 0.7 0.475528
0.2 0.6 0.559017


0.3 0.6 0.769421
0.4 0.6 0.904508
0.4 0.7 0.769421
0.3 0.6 0.769421


0.3 0.6 0.769421
0.4 0.7 0.769421
0.3 0.7 0.654508
0.3 0.6 0.769421


0.4 0.6 0.904508
0.5 0.6 0.951057
0.5 0.7 0.809017
0.4 0.6 0.904508


0.4 0.6 0.904508
0.5 0.7 0.809017
0.4 0.7 0.769421
0.4 0.6 0.904508


0.5 0.6 0.951057
0.6 0.6 0.904508
0.6 0.7 0.769421
0.5 0.6 0.951057


0.5 0.6 0.951057
0.6 0.7 0.769421
0.5 0.7 0.809017
0.5 0.6 0.951057


0.6 0.6 0.904508
0.7 0.6 0.769421
0.7 0.7 0.654508
0.6 0.6 0.904508


0.6 0.6 0.904508
0.7 0.7 0.654508
0.6 0.7 0.769421
0.6 0.6 0.904508


0.7 0.6 0.769421
0.8 0.6 0.559017
0.8 0.7 0.475528
0.7 0.6 0.769421


0.7 0.6 0.769421
0.8 0.7 0.475528
0.7 0.7 0.654508
0.7 0.6 0.769421


0.8 0.6 0.559017
0.9 0.6 0.293893
0.9 0.7 0.25
0.8 0.6 0.559017


0.8 0.6 0.559017
0.9 0.7 0.25
0.8 0.7 0.475528
0.8 0.6 0.559017


0.9 0.6 0.293893
1 0.6 1.16471e-16
1 0.7 9.9076e-17
0.9 0.6 0.293893


0.9 0.6 0.293893
1 0.7 9.9076e-17
0.9 0.7 0.25
0.9 0.6 0.293893


0 0.7 0
0.1 0.7 0.25
0.1 0.8 0.181636
0 0.7 0


0 0.7 0
0.1 0.8 0.181636
0 0.8 0
0 0.7 0


0.1 0.7 0.25
0.2 0.7 0.475528
0.2 0.8 0.345492
0.1 0.7 0.25


0.1 0.7 0.25
0.2 0.8 0.345492
0.1 0.8 0.181636
0.1 0.7 0.25


0.2 0.7 0.475528
0.3 0.7 0.654508
0.3 0.8 0.475528
0.2 0.7 0.475528


0.2 0.7 0.475528
0.3 0.8 0.475528
0.2 0.8 0.345492
0.2 0.7 0.475528


0.3 0.7 0.654508
0.4 0.7 0.769421
0.4 0.8 0.559017
0.3 0.7 0.654508


0.3 0.7 0.654508
0.4 0.8 0.559017
0.3 0.8 0.475528
0.3 0.7 0.654508


0.4 0.7 0.769421
0.5 0.7 0.809017
0.5 0.8 0.587785
0.4 0.7 0.769421


0.4 0.7 0.769421
0.5 0.8 0.587785
0.4 0.8 0.559017
0.4 0.7 0.769421


0.5 0.7 0.809017
0.6 0.7 0.769421
0.6 0.8 0.559017
0.5 0.7 0.809017


0.5 0.7 0.809017
0.6 0.8 0.559017
0.5 0.8 0.587785
0.5 0.7 0.809017


0.6 0.7 0.769421
0.7 0.7 0.654508
0.7 0.8 0.475528
0.6 0.7 0.769421


0.6 0.7 0.769421
0.7 0.8 0.475528
0.6 0.8 0.559017
0.6 0.7 0.769421


0.7 0.7 0.654508
0.8 0.7 0.475528
0.8 0.8 0.345492
0.7 0.7 0.654508


0.7 0.7 0.654508
0.8 0.8 0.345492
0.7 0.8 0.475528
0.7 0.7 0.654508


0.8 0.7 0.475528
0.9 0.7 0.25
0.9 0.8 0.181636
0.8 0.7 0.475528


0.8 0.7 0.475528
0.9 0.8 0.181636
0.8 0.8 0.345492
0.8 0.7 0.475528


0.9 0.7 0.25
1 0.7 9.9076e-17
1 0.8 7.19829e-17
0.9 0.7 0.25


0.9 0.7 0.25
1 0.8 7.19829e-17
0.9 0.8 0.181636
0.9 0.7 0.25


0 0.8 0
0.1 0.8 0.181636
0.1 0.9 0.0954915
0 0.8 0


0 0.8 0
0.1 0.9 0.0954915
0 0.9 0
0 0.8 0


0.1 0.8 0.181636
0.2 0.8 0.345492
0.2 0.9 0.181636
0.1 0.8 0.181636


0.1 0.8 0.181636
0.2 0.9 0.181636
0.1 0.9 0.0954915
0.1 0.8 0.181636


0.2 0.8 0.345492
0.3 0.8 0.475528
0.3 0.9 0.25
0.2 0.8 0.345492


0.2 0.8 0.345492
0.3 0.9 0.25
0.2 0.9 0.181636
0.2 0.8 0.345492


0.3 0.8 0.475528
0.4 0.8 0.559017
0.4 0.9 0.293893
0.3 0.8 0.475528


0.3 0.8 0.475528
0.4 0.9 0.293893
0.3 0.9 0.25
0.3 0.8 0.475528


0.4 0.8 0.559017
0.5 0.8 0.587785
0.5 0.9 0.309017
0.4 0.8 0.559017


0.4 0.8 0.559017
0.5 0.9 0.309017
0.4 0.9 0.293893
0.4 0.8 0.559017


0.5 0.8 0.587785
0.6 0.8 0.559017
0.6 0.9 0.293893
0.5 0.8 0.587785


0.5 0.8 0.587785
0.6 0.9 0.293893
0.5 0.9 0.309017
0.5 0.8 0.587785


0.6 0.8 0.559017
0.7 0.8 0.475528
0.7 0.9 0.25
0.6 0.8 0.559017


0.6 0.8 0.559017
0.7 0.9 0.25
0.6 0.9 0.293893
0.6 0.8 0.559017


0.7 0.8 0.475528
0.8 0.8 0.345492
0.8 0.9 0.181636
0.7 0.8 0.475528


0.7 0.8 0.475528
0.8 0.9 0.181636
0.7 0.9 0.25
0.7 0.8 0.475528


0.8 0.8 0.345492
0.9 0.8 0.181636
0.9 0.9 0.0954915
0.8 0.8 0.345492


0.8 0.8 0.345492
0.9 0.9 0.0954915
0.8 0.9 0.181636
0.8 0.8 0.345492


0.9 0.8 0.181636
1 0.8 7.19829e-17
1 0.9 3.78437e-17
0.9 0.8 0.181636


0.9 0.8 0.181636
1 0.9 3.78437e-17
0.9 0.9 0.0954915
0.9 0.8 0.181636


0 0.9 0
0.1 0.9 0.0954915
0.1 1 3.78437e-17
0 0.9 0


0 0.9 0
0.1 1 3.78437e-17
0 1 0
0 0.9 0


0.1 0.9 0.0954915
0.2 0.9 0.181636
0.2 1 7.19829e-17
0.1 0.9 0.0954915


0.1 0.9 0.0954915
0.2 1 7.19829e-17
0.1 1 3.78437e-17
0.1 0.9 0.0954915


0.2 0.9 0.181636
0.3 0.9 0.25
0.3 1 9.9076e-17
0.2 0.9 0.181636


0.2 0.9 0.181636
0.3 1 9.9076e-17
0.2 1 7.19829e-17
0.2 0.9 0.181636


0.3 0.9 0.25
0.4 0.9 0.293893
0.4 1 1.16471e-16
0.3 0.9 0.25


0.3 0.9 0.25
0.4 1 1.16471e-16
0.3 1 9.9076e-17
0.3 0.9 0.25


0.4 0.9 0.293893
0.5 0.9 0.309017
0.5 1 1.22465e-16
0.4 0.9 0.293893


0.4 0.9 0.293893
0.5 1 1.22465e-16
0.4 1 1.16471e-16
0.4 0.9 0.293893


0.5 0.9 0.309017
0.6 0.9 0.293893
0.6 1 1.16471e-16
0.5 0.9 0.309017


0.5 0.9 0.309017
0.6 1 1.16471e-16
0.5 1 1.22465e-16
0.5 0.9 0.309017


0.6 0.9 0.293893
0.7 0.9 0.25
0.7 1 9.9076e-17
0.6 0.9 0.293893


0.6 0.9 0.293893
0.7 1 9.9076e-17
0.6 1 1.16471e-16
0.6 0.9 0.293893


0.7 0.9 0.25
0.8 0.9 0.181636
0.8 1 7.19829e-17
0.7 0.9 0.25


0.7 0.9 0.25
0.8 1 7.19829e-17
0.7 1 9.9076e-17
0.7 0.9 0.25


0.8 0.9 0.181636
0.9 0.9 0.0954915
0.9 1 3.78437e-17
0.8 0.9 0.181636


0.8 0.9 0.181636
0.9 1 3.78437e-17
0.8 1 7.19829e-17
0.8 0.9 0.181636


0.9 0.9 0.0954915
1 0.9 3.78437e-17
1 1 1.49976e-32
0.9 0.9 0.0954915


0.9 0.9 0.0954915
1 1 1.49976e-32
0.9 1 3.78437e-17
0.9 0.9 0.0954915


