0 0 0.0483409
0.1 0 0.0244717
0.1 0.1 0
0 0 0.0483409


0 0 0.0483409
0.1 0.1 0
0 0.1 0.0244717
0 0 0.0483409


0.1 0 0.0919499
0.2 0 0.0710198
0.2 0.1 0
0.1 0 0.0919499


0.1 0 0.140291
0.2 0.1 0.0483409
0.1 0.1 0.0710198
0.1 0 0.140291


0.2 0 0.126558
0.3 0 0.110616
0.3 0.1 0
0.2 0 0.126558


0.2 0 0.218508
0.3 0.1 0.0919499
0.2 0.1 0.110616
0.2 0 0.218508


0.3 0 0.148778
0.4 0 0.139384
0.4 0.1 0
0.3 0 0.148778


0.3 0 0.275336
0.4 0.1 0.126558
0.3 0.1 0.139384
0.3 0 0.275336


0.4 0 0.156434
0.5 0 0.154508
0.5 0.1 0
0.4 0 0.156434


0.4 0 0.305212
0.5 0.1 0.148778
0.4 0.1 0.154508
0.4 0 0.305212


0.5 0 0.148778
0.6 0 0.154508
0.6 0.1 0
0.5 0 0.148778


0.5 0 0.305212
0.6 0.1 0.156434
0.5 0.1 0.154508
0.5 0 0.305212


0.6 0 0.126558
0.7 0 0.139384
0.7 0.1 0
0.6 0 0.126558


0.6 0 0.275336
0.7 0.1 0.148778
0.6 0.1 0.139384
0.6 0 0.275336


0.7 0 0.0919499
0.8 0 0.110616
0.8 0.1 0
0.7 0 0.0919499


0.7 0 0.218508
0.8 0.1 0.126558
0.7 0.1 0.110616
0.7 0 0.218508


0.8 0 0.0483409
0.9 0 0.0710198
0.9 0.1 0
0.8 0 0.0483409


0.8 0 0.140291
0.9 0.1 0.0919499
0.8 0.1 0.0710198
0.8 0 0.140291


0.9 0 1.91577e-17
1 0 0.0244717
1 0.1 0
0.9 0 1.91577e-17


0.9 0 0.0483409
1 0.1 0.0483409
0.9 0.1 0.0244717
0.9 0 0.0483409


0 0.1 0.140291
0.1 0.1 0.0710198
0.1 0.2 0.0483409
0 0.1 0.140291


0 0.1 0.0919499
0.1 0.2 0
0 0.2 0.0710198
0 0.1 0.0919499


0.1 0.1 0.266849
0.2 0.1 0.206107
0.2 0.2 0.140291
0.1 0.1 0.266849


0.1 0.1 0.266849
0.2 0.2 0.140291
0.1 0.2 0.206107
0.1 0.1 0.266849


0.2 0.1 0.367286
0.3 0.1 0.32102
0.3 0.2 0.218508
0.2 0.1 0.367286


0.2 0.1 0.415627
0.3 0.2 0.266849
0.2 0.2 0.32102
0.2 0.1 0.415627


0.3 0.1 0.431771
0.4 0.1 0.404508
0.4 0.2 0.275336
0.3 0.1 0.431771


0.3 0.1 0.52372
0.4 0.2 0.367286
0.3 0.2 0.404508
0.3 0.1 0.52372


0.4 0.1 0.45399
0.5 0.1 0.448401
0.5 0.2 0.305212
0.4 0.1 0.45399


0.4 0.1 0.580549
0.5 0.2 0.431771
0.4 0.2 0.448401
0.4 0.1 0.580549


0.5 0.1 0.431771
0.6 0.1 0.448401
0.6 0.2 0.305212
0.5 0.1 0.431771


0.5 0.1 0.580549
0.6 0.2 0.45399
0.5 0.2 0.448401
0.5 0.1 0.580549


0.6 0.1 0.367286
0.7 0.1 0.404508
0.7 0.2 0.275336
0.6 0.1 0.367286


0.6 0.1 0.52372
0.7 0.2 0.431771
0.6 0.2 0.404508
0.6 0.1 0.52372


0.7 0.1 0.266849
0.8 0.1 0.32102
0.8 0.2 0.218508
0.7 0.1 0.266849


0.7 0.1 0.415627
0.8 0.2 0.367286
0.7 0.2 0.32102
0.7 0.1 0.415627


0.8 0.1 0.140291
0.9 0.1 0.206107
0.9 0.2 0.140291
0.8 0.1 0.140291


0.8 0.1 0.266849
0.9 0.2 0.266849
0.8 0.2 0.206107
0.8 0.1 0.266849


0.9 0.1 5.55978e-17
1 0.1 0.0710198
1 0.2 0.0483409
0.9 0.1 5.55978e-17


0.9 0.1 0.0919499
1 0.2 0.140291
0.9 0.2 0.0710198
0.9 0.1 0.0919499


0 0.2 0.218508
0.1 0.2 0.110616
0.1 0.3 0.0919499
0 0.2 0.218508


0 0.2 0.126558
0.1 0.3 0
0 0.3 0.110616
0 0.2 0.126558


0.1 0.2 0.415627
0.2 0.2 0.32102
0.2 0.3 0.266849
0.1 0.2 0.415627


0.1 0.2 0.367286
0.2 0.3 0.218508
0.1 0.3 0.32102
0.1 0.2 0.367286


0.2 0.2 0.572061
0.3 0.2 0.5
0.3 0.3 0.415627
0.2 0.2 0.572061


0.2 0.2 0.572061
0.3 0.3 0.415627
0.2 0.3 0.5
0.2 0.2 0.572061


0.3 0.2 0.672499
0.4 0.2 0.630037
0.4 0.3 0.52372
0.3 0.2 0.672499


0.3 0.2 0.720839
0.4 0.3 0.572061
0.3 0.3 0.630037
0.3 0.2 0.720839


0.4 0.2 0.707107
0.5 0.2 0.698401
0.5 0.3 0.580549
0.4 0.2 0.707107


0.4 0.2 0.799057
0.5 0.3 0.672499
0.4 0.3 0.698401
0.4 0.2 0.799057


0.5 0.2 0.672499
0.6 0.2 0.698401
0.6 0.3 0.580549
0.5 0.2 0.672499


0.5 0.2 0.799057
0.6 0.3 0.707107
0.5 0.3 0.698401
0.5 0.2 0.799057


0.6 0.2 0.572061
0.7 0.2 0.630037
0.7 0.3 0.52372
0.6 0.2 0.572061


0.6 0.2 0.720839
0.7 0.3 0.672499
0.6 0.3 0.630037
0.6 0.2 0.720839


0.7 0.2 0.415627
0.8 0.2 0.5
0.8 0.3 0.415627
0.7 0.2 0.415627


0.7 0.2 0.572061
0.8 0.3 0.572061
0.7 0.3 0.5
0.7 0.2 0.572061


0.8 0.2 0.218508
0.9 0.2 0.32102
0.9 0.3 0.266849
0.8 0.2 0.218508


0.8 0.2 0.367286
0.9 0.3 0.415627
0.8 0.3 0.32102
0.8 0.2 0.367286


0.9 0.2 8.65956e-17
1 0.2 0.110616
1 0.3 0.0919499
0.9 0.2 8.65956e-17


0.9 0.2 0.126558
1 0.3 0.218508
0.9 0.3 0.110616
0.9 0.2 0.126558


0 0.3 0.275336
0.1 0.3 0.139384
0.1 0.4 0.126558
0 0.3 0.275336


0 0.3 0.148778
0.1 0.4 0
0 0.4 0.139384
0 0.3 0.148778


0.1 0.3 0.52372
0.2 0.3 0.404508
0.2 0.4 0.367286
0.1 0.3 0.52372


0.1 0.3 0.431771
0.2 0.4 0.275336
0.1 0.4 0.404508
0.1 0.3 0.431771


0.2 0.3 0.720839
0.3 0.3 0.630037
0.3 0.4 0.572061
0.2 0.3 0.720839


0.2 0.3 0.672499
0.3 0.4 0.52372
0.2 0.4 0.630037
0.2 0.3 0.672499


0.3 0.3 0.847398
0.4 0.3 0.793893
0.4 0.4 0.720839
0.3 0.3 0.847398


0.3 0.3 0.847398
0.4 0.4 0.720839
0.3 0.4 0.793893
0.3 0.3 0.847398


0.4 0.3 0.891007
0.5 0.3 0.880037
0.5 0.4 0.799057
0.4 0.3 0.891007


0.4 0.3 0.939347
0.5 0.4 0.847398
0.4 0.4 0.880037
0.4 0.3 0.939347


0.5 0.3 0.847398
0.6 0.3 0.880037
0.6 0.4 0.799057
0.5 0.3 0.847398


0.5 0.3 0.939347
0.6 0.4 0.891007
0.5 0.4 0.880037
0.5 0.3 0.939347


0.6 0.3 0.720839
0.7 0.3 0.793893
0.7 0.4 0.720839
0.6 0.3 0.720839


0.6 0.3 0.847398
0.7 0.4 0.847398
0.6 0.4 0.793893
0.6 0.3 0.847398


0.7 0.3 0.52372
0.8 0.3 0.630037
0.8 0.4 0.572061
0.7 0.3 0.52372


0.7 0.3 0.672499
0.8 0.4 0.720839
0.7 0.4 0.630037
0.7 0.3 0.672499


0.8 0.3 0.275336
0.9 0.3 0.404508
0.9 0.4 0.367286
0.8 0.3 0.275336


0.8 0.3 0.431771
0.9 0.4 0.52372
0.8 0.4 0.404508
0.8 0.3 0.431771


0.9 0.3 1.09117e-16
1 0.3 0.139384
1 0.4 0.126558
0.9 0.3 1.09117e-16


0.9 0.3 0.148778
1 0.4 0.275336
0.9 0.4 0.139384
0.9 0.3 0.148778


0 0.4 0.305212
0.1 0.4 0.154508
0.1 0.5 0.148778
0 0.4 0.305212


0 0.4 0.156434
0.1 0.5 0
0 0.5 0.154508
0 0.4 0.156434


0.1 0.4 0.580549
0.2 0.4 0.448401
0.2 0.5 0.431771
0.1 0.4 0.580549


0.1 0.4 0.45399
0.2 0.5 0.305212
0.1 0.5 0.448401
0.1 0.4 0.45399


0.2 0.4 0.799057
0.3 0.4 0.698401
0.3 0.5 0.672499
0.2 0.4 0.799057


0.2 0.4 0.707107
0.3 0.5 0.580549
0.2 0.5 0.698401
0.2 0.4 0.707107


0.3 0.4 0.939347
0.4 0.4 0.880037
0.4 0.5 0.847398
0.3 0.4 0.939347


0.3 0.4 0.891007
0.4 0.5 0.799057
0.3 0.5 0.880037
0.3 0.4 0.891007


0.4 0.4 0.987688
0.5 0.4 0.975528
0.5 0.5 0.939347
0.4 0.4 0.987688


0.4 0.4 0.987688
0.5 0.5 0.939347
0.4 0.5 0.975528
0.4 0.4 0.987688


0.5 0.4 0.939347
0.6 0.4 0.975528
0.6 0.5 0.939347
0.5 0.4 0.939347


0.5 0.4 0.987688
0.6 0.5 0.987688
0.5 0.5 0.975528
0.5 0.4 0.987688


0.6 0.4 0.799057
0.7 0.4 0.880037
0.7 0.5 0.847398
0.6 0.4 0.799057


0.6 0.4 0.891007
0.7 0.5 0.939347
0.6 0.5 0.880037
0.6 0.4 0.891007


0.7 0.4 0.580549
0.8 0.4 0.698401
0.8 0.5 0.672499
0.7 0.4 0.580549


0.7 0.4 0.707107
0.8 0.5 0.799057
0.7 0.5 0.698401
0.7 0.4 0.707107


0.8 0.4 0.305212
0.9 0.4 0.448401
0.9 0.5 0.431771
0.8 0.4 0.305212


0.8 0.4 0.45399
0.9 0.5 0.580549
0.8 0.5 0.448401
0.8 0.4 0.45399


0.9 0.4 1.20957e-16
1 0.4 0.154508
1 0.5 0.148778
0.9 0.4 1.20957e-16


0.9 0.4 0.156434
1 0.5 0.305212
0.9 0.5 0.154508
0.9 0.4 0.156434


0 0.5 0.305212
0.1 0.5 0.154508
0.1 0.6 0.156434
0 0.5 0.305212


0 0.5 0.148778
0.1 0.6 0
0 0.6 0.154508
0 0.5 0.148778


0.1 0.5 0.580549
0.2 0.5 0.448401
0.2 0.6 0.45399
0.1 0.5 0.580549


0.1 0.5 0.431771
0.2 0.6 0.305212
0.1 0.6 0.448401
0.1 0.5 0.431771


0.2 0.5 0.799057
0.3 0.5 0.698401
0.3 0.6 0.707107
0.2 0.5 0.799057


0.2 0.5 0.672499
0.3 0.6 0.580549
0.2 0.6 0.698401
0.2 0.5 0.672499


0.3 0.5 0.939347
0.4 0.5 0.880037
0.4 0.6 0.891007
0.3 0.5 0.939347


0.3 0.5 0.847398
0.4 0.6 0.799057
0.3 0.6 0.880037
0.3 0.5 0.847398


0.4 0.5 0.987688
0.5 0.5 0.975528
0.5 0.6 0.987688
0.4 0.5 0.987688


0.4 0.5 0.939347
0.5 0.6 0.939347
0.4 0.6 0.975528
0.4 0.5 0.939347


0.5 0.5 0.939347
0.6 0.5 0.975528
0.6 0.6 0.987688
0.5 0.5 0.939347


0.5 0.5 0.939347
0.6 0.6 0.987688
0.5 0.6 0.975528
0.5 0.5 0.939347


0.6 0.5 0.799057
0.7 0.5 0.880037
0.7 0.6 0.891007
0.6 0.5 0.799057


0.6 0.5 0.847398
0.7 0.6 0.939347
0.6 0.6 0.880037
0.6 0.5 0.847398


0.7 0.5 0.580549
0.8 0.5 0.698401
0.8 0.6 0.707107
0.7 0.5 0.580549


0.7 0.5 0.672499
0.8 0.6 0.799057
0.7 0.6 0.698401
0.7 0.5 0.672499


0.8 0.5 0.305212
0.9 0.5 0.448401
0.9 0.6 0.45399
0.8 0.5 0.305212


0.8 0.5 0.431771
0.9 0.6 0.580549
0.8 0.6 0.448401
0.8 0.5 0.431771


0.9 0.5 1.20957e-16
1 0.5 0.154508
1 0.6 0.156434
0.9 0.5 1.20957e-16


0.9 0.5 0.148778
1 0.6 0.305212
0.9 0.6 0.154508
0.9 0.5 0.148778


0 0.6 0.275336
0.1 0.6 0.139384
0.1 0.7 0.148778
0 0.6 0.275336


0 0.6 0.126558
0.1 0.7 0
0 0.7 0.139384
0 0.6 0.126558


0.1 0.6 0.52372
0.2 0.6 0.404508
0.2 0.7 0.431771
0.1 0.6 0.52372


0.1 0.6 0.367286
0.2 0.7 0.275336
0.1 0.7 0.404508
0.1 0.6 0.367286


0.2 0.6 0.720839
0.3 0.6 0.630037
0.3 0.7 0.672499
0.2 0.6 0.720839


0.2 0.6 0.572061
0.3 0.7 0.52372
0.2 0.7 0.630037
0.2 0.6 0.572061


0.3 0.6 0.847398
0.4 0.6 0.793893
0.4 0.7 0.847398
0.3 0.6 0.847398


0.3 0.6 0.720839
0.4 0.7 0.720839
0.3 0.7 0.793893
0.3 0.6 0.720839


0.4 0.6 0.891007
0.5 0.6 0.880037
0.5 0.7 0.939347
0.4 0.6 0.891007


0.4 0.6 0.799057
0.5 0.7 0.847398
0.4 0.7 0.880037
0.4 0.6 0.799057


0.5 0.6 0.847398
0.6 0.6 0.880037
0.6 0.7 0.939347
0.5 0.6 0.847398


0.5 0.6 0.799057
0.6 0.7 0.891007
0.5 0.7 0.880037
0.5 0.6 0.799057


0.6 0.6 0.720839
0.7 0.6 0.793893
0.7 0.7 0.847398
0.6 0.6 0.720839


0.6 0.6 0.720839
0.7 0.7 0.847398
0.6 0.7 0.793893
0.6 0.6 0.720839


0.7 0.6 0.52372
0.8 0.6 0.630037
0.8 0.7 0.672499
0.7 0.6 0.52372


0.7 0.6 0.572061
0.8 0.7 0.720839
0.7 0.7 0.630037
0.7 0.6 0.572061


0.8 0.6 0.275336
0.9 0.6 0.404508
0.9 0.7 0.431771
0.8 0.6 0.275336


0.8 0.6 0.367286
0.9 0.7 0.52372
0.8 0.7 0.404508
0.8 0.6 0.367286


0.9 0.6 1.09117e-16
1 0.6 0.139384
1 0.7 0.148778
0.9 0.6 1.09117e-16


0.9 0.6 0.126558
1 0.7 0.275336
0.9 0.7 0.139384
0.9 0.6 0.126558


0 0.7 0.218508
0.1 0.7 0.110616
0.1 0.8 0.126558
0 0.7 0.218508


0 0.7 0.0919499
0.1 0.8 0
0 0.8 0.110616
0 0.7 0.0919499


0.1 0.7 0.415627
0.2 0.7 0.32102
0.2 0.8 0.367286
0.1 0.7 0.415627


0.1 0.7 0.266849
0.2 0.8 0.218508
0.1 0.8 0.32102
0.1 0.7 0.266849


0.2 0.7 0.572061
0.3 0.7 0.5
0.3 0.8 0.572061
0.2 0.7 0.572061


0.2 0.7 0.415627
0.3 0.8 0.415627
0.2 0.8 0.5
0.2 0.7 0.415627


0.3 0.7 0.672499
0.4 0.7 0.630037
0.4 0.8 0.720839
0.3 0.7 0.672499


0.3 0.7 0.52372
0.4 0.8 0.572061
0.3 0.8 0.630037
0.3 0.7 0.52372


0.4 0.7 0.707107
0.5 0.7 0.698401
0.5 0.8 0.799057
0.4 0.7 0.707107


0.4 0.7 0.580549
0.5 0.8 0.672499
0.4 0.8 0.698401
0.4 0.7 0.580549


0.5 0.7 0.672499
0.6 0.7 0.698401
0.6 0.8 0.799057
0.5 0.7 0.672499


0.5 0.7 0.580549
0.6 0.8 0.707107
0.5 0.8 0.698401
0.5 0.7 0.580549


0.6 0.7 0.572061
0.7 0.7 0.630037
0.7 0.8 0.720839
0.6 0.7 0.572061


0.6 0.7 0.52372
0.7 0.8 0.672499
0.6 0.8 0.630037
0.6 0.7 0.52372


0.7 0.7 0.415627
0.8 0.7 0.5
0.8 0.8 0.572061
0.7 0.7 0.415627


0.7 0.7 0.415627
0.8 0.8 0.572061
0.7 0.8 0.5
0.7 0.7 0.415627


0.8 0.7 0.218508
0.9 0.7 0.32102
0.9 0.8 0.367286
0.8 0.7 0.218508


0.8 0.7 0.266849
0.9 0.8 0.415627
0.8 0.8 0.32102
0.8 0.7 0.266849


0.9 0.7 8.65956e-17
1 0.7 0.110616
1 0.8 0.126558
0.9 0.7 8.65956e-17


0.9 0.7 0.0919499
1 0.8 0.218508
0.9 0.8 0.110616
0.9 0.7 0.0919499


0 0.8 0.140291
0.1 0.8 0.0710198
0.1 0.9 0.0919499
0 0.8 0.140291


0 0.8 0.0483409
0.1 0.9 0
0 0.9 0.0710198
0 0.8 0.0483409


0.1 0.8 0.266849
0.2 0.8 0.206107
0.2 0.9 0.266849
0.1 0.8 0.266849


0.1 0.8 0.140291
0.2 0.9 0.140291
0.1 0.9 0.206107
0.1 0.8 0.140291


0.2 0.8 0.367286
0.3 0.8 0.32102
0.3 0.9 0.415627
0.2 0.8 0.367286


0.2 0.8 0.218508
0.3 0.9 0.266849
0.2 0.9 0.32102
0.2 0.8 0.218508


0.3 0.8 0.431771
0.4 0.8 0.404508
0.4 0.9 0.52372
0.3 0.8 0.431771


0.3 0.8 0.275336
0.4 0.9 0.367286
0.3 0.9 0.404508
0.3 0.8 0.275336


0.4 0.8 0.45399
0.5 0.8 0.448401
0.5 0.9 0.580549
0.4 0.8 0.45399


0.4 0.8 0.305212
0.5 0.9 0.431771
0.4 0.9 0.448401
0.4 0.8 0.305212


0.5 0.8 0.431771
0.6 0.8 0.448401
0.6 0.9 0.580549
0.5 0.8 0.431771


0.5 0.8 0.305212
0.6 0.9 0.45399
0.5 0.9 0.448401
0.5 0.8 0.305212


0.6 0.8 0.367286
0.7 0.8 0.404508
0.7 0.9 0.52372
0.6 0.8 0.367286


0.6 0.8 0.275336
0.7 0.9 0.431771
0.6 0.9 0.404508
0.6 0.8 0.275336


0.7 0.8 0.266849
0.8 0.8 0.32102
0.8 0.9 0.415627
0.7 0.8 0.266849


0.7 0.8 0.218508
0.8 0.9 0.367286
0.7 0.9 0.32102
0.7 0.8 0.218508


0.8 0.8 0.140291
0.9 0.8 0.206107
0.9 0.9 0.266849
0.8 0.8 0.140291


0.8 0.8 0.140291
0.9 0.9 0.266849
0.8 0.9 0.206107
0.8 0.8 0.140291


0.9 0.8 5.55978e-17
1 0.8 0.0710198
1 0.9 0.0919499
0.9 0.8 5.55978e-17


0.9 0.8 0.0483409
1 0.9 0.140291
0.9 0.9 0.0710198
0.9 0.8 0.0483409


0 0.9 0.0483409
0.1 0.9 0.0244717
0.1 1 0.0483409
0 0.9 0.0483409


0 0.9 1.91577e-17
0.1 1 0
0 1 0.0244717
0 0.9 1.91577e-17


0.1 0.9 0.0919499
0.2 0.9 0.0710198
0.2 1 0.140291
0.1 0.9 0.0919499


0.1 0.9 5.55978e-17
0.2 1 0.0483409
0.1 1 0.0710198
0.1 0.9 5.55978e-17


0.2 0.9 0.126558
0.3 0.9 0.110616
0.3 1 0.218508
0.2 0.9 0.126558


0.2 0.9 8.65956e-17
0.3 1 0.0919499
0.2 1 0.110616
0.2 0.9 8.65956e-17


0.3 0.9 0.148778
0.4 0.9 0.139384
0.4 1 0.275336
0.3 0.9 0.148778


0.3 0.9 1.09117e-16
0.4 1 0.126558
0.3 1 0.139384
0.3 0.9 1.09117e-16


0.4 0.9 0.156434
0.5 0.9 0.154508
0.5 1 0.305212
0.4 0.9 0.156434


0.4 0.9 1.20957e-16
0.5 1 0.148778
0.4 1 0.154508
0.4 0.9 1.20957e-16


0.5 0.9 0.148778
0.6 0.9 0.154508
0.6 1 0.305212
0.5 0.9 0.148778


0.5 0.9 1.20957e-16
0.6 1 0.156434
0.5 1 0.154508
0.5 0.9 1.20957e-16


0.6 0.9 0.126558
0.7 0.9 0.139384
0.7 1 0.275336
0.6 0.9 0.126558


0.6 0.9 1.09117e-16
0.7 1 0.148778
0.6 1 0.139384
0.6 0.9 1.09117e-16


0.7 0.9 0.0919499
0.8 0.9 0.110616
0.8 1 0.218508
0.7 0.9 0.0919499


0.7 0.9 8.65956e-17
0.8 1 0.126558
0.7 1 0.110616
0.7 0.9 8.65956e-17


0.8 0.9 0.0483409
0.9 0.9 0.0710198
0.9 1 0.140291
0.8 0.9 0.0483409


0.8 0.9 5.55978e-17
0.9 1 0.0919499
0.8 1 0.0710198
0.8 0.9 5.55978e-17


0.9 0.9 1.91577e-17
1 0.9 0.0244717
1 1 0.0483409
0.9 0.9 1.91577e-17


0.9 0.9 1.91577e-17
1 1 0.0483409
0.9 1 0.0244717
0.9 0.9 1.91577e-17


